score_name	gene_id	transcript_id	n_windows	best_window_start	best_window_end	best_window_seq	best_window_score	motif_score	structure_score	base_score	paired_probability_mean	fraction_high_paired	max_score	top3_mean_score	top5_mean_score	top10_mean_score	top5_percent_mean_score	window_count_adjusted_score
base_motif_structure_score	LOC_Os07g48620	LOC_Os07g48620.1	59	501	700	GGGUAUAAGAAGAGGGGUUCAGCUUCGUACCAACUCAUACCUUUCUCGGCCUUUUGGCUAAGAUCAAGUGUAGUAUCUGUUCUUAUCAGUUUAAUAUCUGAUAUGUGGGCCAUGUGCCCACUUCGAUAUUAAAUUUAUUUUUUAUGGGGGAGGGUCCACCAUAGUGGCUUGCCACUGGGGCCCUCGCGUGUCGCCCAGGC	0.9999918	1.0458137	1.2314956	0.9999567	0.6576963	0.64	0.9999918	0.9999811333333334	0.9934347500000001	0.9527521350000001	0.9999811333333334	0.7046472702195741
base_motif_structure_score	LOC_Os02g06480	LOC_Os02g06480.2	139	1	200	AUACCUUUCUCGGCCUUUUGGCUAAGAUCAAGUGUAGUAUCUGUUCUUAUCAGUUUAAUAUCUGAUAUGUGGGCCAUGUGUCCACUUCGAUAUUAAAUUUAUUUUUUGUGGGGGAGGGUCCACCACAGUGGCUUGCCACUUGGGCCCUCGCGUGUCGCCCAGGCGUUGCACUACAGCCUGGGCCUGGCGCACCCCAACCA	0.99998975	1.138939	0.9952529	0.9999473	0.63634944	0.605	0.99998975	0.9812177000000001	0.9591961120000001	0.934146932	0.9465354942857144	0.6435255991527516
base_motif_structure_score	LOC_Os02g10080	LOC_Os02g10080.1	65	1	200	AUACCUUUCUCGGCCUUUUGGCUAAGAUCAAGUGUAGUAUCUGUUCUUAUCAGUUUAAUAUCUGAUAUGUGGGCCAUGUGCCCACUUCGAUGUUAAAUUUAUUUUUUGUGAGGGAGGGCCCACCACAGUGGCUAGCCACUGGGGCCCUCGCGCGUCGCCCAGUCGUUGCACUGCUGCCCGGGCCUGGUGCACCCCAACCA	0.99998903	1.138939	0.062475495	0.9999645	0.6069577	0.475	0.99998903	0.9672670766666668	0.9533732300000001	0.9316019599999998	0.9593812975	0.6977693240320773
base_motif_structure_score	LOC_Os09g00999	LOC_Os09g00999.1	49	1851	2050	GUCUUUGGGUUCCGGGGGGAGUAUGGUCGCAAGGCUGAAACUUAAAGGAAUUGACGGAAGGGCACCACCAGGCGUGGAGCCUGCGGCUUAAUUUGACUCAACACGGGGAAACUUACCAGGUCCAGACAUAGCAAGGAUUGACAGACUGAGAGCUCUUUCUUGAUUCUAUGGGUGGUGGUGCAUGGCCGUUCUUAGUUGGU	0.9999033	0.93970776	-0.11355024	0.9997662	0.5859511	0.46	0.9999033	0.9996481666666668	0.99939478	0.9973166790000001	0.9996481666666668	0.7177104905112639
base_motif_structure_score	LOC_Os03g18870	LOC_Os03g18870.1	21	751	950	AAGCAGAAGAAGAGAGGAAGCAAACGGGAAAGAAAAACCAAUAAAAUUUGGCAGAAUUUGUUUCCCUUUUUUUUAGGUCAUCAGAUGAUUGACUCCGUUUAGUUCGCUGGGUUGGGUUGGGUCGGGUGUGCCGUUCGAUUCCGGCCGCGUCACCCAAGAAUUGGUGCGUGCGUGGCCAAAGAUUCCAAUAUCUUGUCGAC	0.9997719	2.61376	0.6025505	0.9958092	0.63300556	0.54	0.9997719	0.9984756999999999	0.9911491659999999	0.950959554	0.999647	0.7768003190681352
base_motif_structure_score	LOC_Os09g01000	LOC_Os09g01000.1	56	1801	2000	CUCGCGGAUGCUGACGCAAUGUGAUUUCUGCCCAGUGCUCUGAAUGUCAAAGUGAAGAAAUUCAACCAAGCGCGGGUAAACGGCGGGAGUAACUAUGACUCUCUUAAGGUAGCCAAAUGCCUCGUCAUCUAAUUAGUGACGCGCAUGAAUGGAUUAACGAGAUUCCCACUGUCCCUGUCUACUAUCCAGCGAAACCACAG	0.9997657	-0.3040625	0.22385715	0.9998067	0.57555014	0.525	0.9997657	0.9994984333333333	0.9991264620000001	0.9983288549999999	0.9994984333333333	0.7081211992917629
base_motif_structure_score	LOC_Os08g29760	LOC_Os08g29760.1	48	2251	2450	AUUGCUAACAAGAAGGUCGUUGUAGUAUAGUGGUGAGUAUUCCCGCCUGUCACGCCGGUGUCCCGGGUUCGAUCCCCGGCAACGGCGUUUCUCAUGUUUUUUAUUUCCACUCCCUGUAAUGUCAAAAUUUUCAUUUAUUUUGGACAUAUAUUGGUCCAAUUAAGUUGUUUCCCCCUUUUUUCCACUCCCUGUAAUGUCAA	0.99975294	2.2058592	-0.7006431	0.9984219	0.5097053	0.445	0.99975294	0.9995298466666668	0.997471856	0.989699588	0.9995298466666668	0.7190174477942396
base_motif_structure_score	LOC_Os04g16722	LOC_Os04g16722.1	82	2951	3150	GAAGCAUCUGACUCUUUCAUGCAUACUCCACUUGGCUCGGGGGGAUAUAGCUCAGUUGGUAGAGCUCCGCUCUUGCAAUUGGGUCGUUGCGAUUACGGGUUGGCUGUCUAAUUGUCCAGGCGGUAAUGGUAGUAUCUUGUACCUGAACCGGUGGCUCACUUUUUCUAAGUAAUGGGGAAGAGGACUGAAACAUGCCACUG	0.99970895	1.4499404	0.59657276	0.9983303	0.6334113	0.52	0.99970895	0.9987010966666667	0.9957613380000001	0.9887010439999999	0.9957613380000001	0.6809569784326538
base_motif_structure_score	LOC_Os01g64060	LOC_Os01g64060.1	17	701	900	UGCAAGACGGUUUGAUAACUGAUGAGUAUUAUAACCUUAUGGCCGAUGAGAGGGAGGACUUGGUUCAAUCGCGUUUACGAGCCCUUGCUAAGGUUACCAAAGAUAAGGAACGAGUUGCUAGGCAUUAUAACAAGAAAGUAGUGCCUAAGGAUUUUUCGGAAGGUGAACUUGUAUGGAAGUUGAUUUUGCCGAUUGGAACU	0.9996891	0.97571945	1.1948191	0.99850285	0.6559523	0.675	0.9996891	0.9977566666666666	0.9911285339999999	0.896956461	0.9996891	0.7911928499278844
base_motif_structure_score	LOC_Os07g25630	LOC_Os07g25630.1	93	4401	4600	CGGCUCUAGAAGGAUAGAAUUGCAAGACGGUUUGACAGCCGAUGAGUAUUAUAACCUUAUGGCCGAUGAGAGGGAGGACUUGGUUCAAUCGCGUUUACGAGCCCUUGCUAAGGUUACCAAAGAUAAGGAACGAGUUGCUAGGCAUUAUAACAAGAAAGUAGUGCCUAAGGAUUUUUCAGAAGGUGAACUUGUAUGGAAGU	0.9996407	0.5714026	-0.08559811	0.9993906	0.5647081	0.49	0.9996407	0.9975522966666667	0.992018606	0.981908848	0.992018606	0.6719112574161181
base_motif_structure_score	LOC_Os05g23470	LOC_Os05g23470.2	119	301	500	CGAUCCCUCGCCGGCAGCUUAGCCGGCGCGGCGCGGCGCGGCGGCGAUCCAUCUCCCGCGGUUUCGAUUUGGGUUUAUUUGGGCGGUGGGGAGAAAUCCGUGGUUCGGUGCGUUUGGUAUGAGCUGAAAAGGUCGUCCUUUUUUUUUUUGGGUUUUUUCCCCCUGAUCUGCGCGUGUUCUCUUCUCCUGGCUCGAUUGCG	0.9996191	2.61376	0.18423189	0.9943303	0.61414015	0.495	0.9996191	0.9986799	0.99797768	0.995828975	0.9977259166666667	0.654274570219574
base_motif_structure_score	LOC_Os09g17040	LOC_Os09g17040.1	11	251	450	AUCUGUUCCGGUGCCAAUGGGUUAGGUUGACUGGUGGAGGCGUAACGAUUGAUAACAGUGGGAUGACAACGGUUGACCUUAACAAGGUUGGAUACUCGGACGAACCUUUUGUCCUUGUCAAUGAUGUAACGCAAGUUUUUUACGUGAAGGACAUGUCUAGCAAAGGAAAGAAGGGCAAAGGGCCUGACGAGCCGAAGCGC	0.9995745	1.04635	0.6794888	0.9983005	0.6233064	0.56	0.9995745	0.9989464666666666	0.9811449480000001	0.892229309	0.9995745	0.8203263749639422
base_motif_structure_score	LOC_Os05g23210	LOC_Os05g23210.1	89	1951	2150	GACCUUAACAAGGUUGGAUACUCGGACGAACCUUUUGUCCUUGCCAAUGAUGUAACGCAACUUUUUUACGUGAAGGGCAUGUCUAGCAAAGGAAAGAAGGGCAAAGGGCCUGACGAGCCGAAGCGCCACGUGGUUCUCCCAGGCAAAAGAAAAAUCGUCGGAGUAGAGGACAAGACUGACGAGGAUUAUGAUCAGUUUGA	0.9995714	1.7453262	0.495416	0.99686337	0.5882324	0.56	0.9995714	0.9972383800000001	0.9891829080000001	0.974225633	0.9891829080000001	0.6749787451835163
base_motif_structure_score	LOC_Os06g06430	LOC_Os06g06430.1	53	1001	1200	CGGGGAGGAGCUCGGGAGGAUGGCGGUGAGGGGGAGCAGGAUGCCGUCGGCGAAGAUGGUGAGGACGCGGCCGGAGUUGGUGGAGGAGCUAAGCUAACCUCCGCCGCCGUGAGUUGCACCGGCGAGCCGCCGUAGUUUUCGUAAGGUUUUUUUUUUCUCCUUUCGUUUUUUAGGUGUAAUUUUUUCUUUUCAGAUUAUUA	0.99951637	2.5738268	1.0645957	0.9893084	0.66373736	0.62	0.99951637	0.9973444933333333	0.99234363	0.97932026	0.9973444933333333	0.7117719948918266
base_motif_structure_score	LOC_Os10g08006	LOC_Os10g08006.1	68	3201	3400	CUCGGACGAACCUUUUGUCCUUGCCAAUGAUGUAACGCAAGUUUUUUUCGUGAAGGACAUGUCUAGCAAAGGAAAGAAGGGCAGAGGGCCUGAUGAGCCUAAGCGUCAAGUGGUUCUCCCAGGCAAAAGAAAAAUCGUCGGAGUUGAGGACAAGACUGACGAGGAUUACGAUCAGUUGGAUGGGCAACCCCCUUUCACGG	0.99951386	2.0689578	0.43705395	0.99523145	0.57315904	0.555	0.99951386	0.9977224866666666	0.9949098239999999	0.9821763179999999	0.996596665	0.6940876371610916
base_motif_structure_score	LOC_Os04g20210	LOC_Os04g20210.1	283	1151	1350	CAGUUAGUAUUGCUUAAAUAAUGUCUGGGACUGCCACGUGUACGCCACGUAGACUAAAACCACCGCGGAUUGGGUCGAGAGGGGUAAUUCGUCCGGUAUUCAUAGUUGGGGAUGAAAAAUGUCGGUUUUGUGGUUCGGGGGGUAAUUCGGACGACUGCGAUAGUUCGAGGGUGUAAUUCGUACUUUUUCCUUUCUUAAAA	0.9995022	1.2781566	-0.117460154	0.99831665	0.56868994	0.48	0.9995022	0.9981794466666667	0.997171636	0.984782268	0.9757677319999999	0.5920148440247659
base_motif_structure_score	LOC_Os01g07420	LOC_Os01g07420.1	28	1320	1519	GAGACAUCGAAAUGUUUUGUUUUGGUUCAGCUACUUUGCGAAGUUAUUUUGGAGUACGCUCAAUGUAAGAAUUUAUAAAGAUCUUCGAUGUCAAAAUGGGUCCAUAGCUCAGUGGUAGAGCAAUUGACUGCAGAUCAAUAGGUCACCGGUUCGAACCCGGUUGGGCCCUAUAUAUAAGCUGUCUUUUUUUCCAGCAAAAA	0.9994679	2.4553025	0.01767812	0.99378103	0.5641622	0.51	0.9994679	0.9878490000000001	0.9764847400000001	0.9506165150000001	0.99087565	0.7565688502436214
base_motif_structure_score	LOC_Os12g27640	LOC_Os12g27640.1	76	3601	3800	GACCUUAACAAGGUUGGAUACUCGGACGAACCUUUUGUCCUUGCCAAUGAUGUAACACAAGUCUUUUUCGUGAAGGACAUGUCUAGCAAAGGAAAGAAGGGCAGAGGGCCUGAUGAGCCUAAGCGUCAAGUGGUUCUCCCAGGCAAAAGAAAAAUCGUCGGAGUUGAGGAAAAGACUGACGAGGAUUACGAUCAGUUGGA	0.99944097	1.3721563	0.49471787	0.99718314	0.5759528	0.565	0.99944097	0.9918258566666666	0.989134062	0.9752548099999998	0.9904804675	0.6861016429652549
base_motif_structure_score	LOC_Os12g05715	LOC_Os12g05715.1	15	451	650	GGAGGUUGGAUCCGCCGCCGCGAUGACAACGUGACCGCUGCUGGGCCGCAGGCGGCGGAUCCGGUCGUGACGAGCUCCUCCCCGUAGAGGGUGACGAGAUCGGCGUAUUGGGAUUGGAAUUGUGGGUUGGAGGAUUGGGAUUGGGGAUUUUAGGGUUUUUUUUUUUUUUGCAGGAAUGUGAAAUGUGAUUUUUCGGUUUG	0.99943775	2.5738268	0.79060847	0.98916197	0.64162534	0.58	0.99943775	0.9954772766666666	0.990335426	0.924663123	0.99943775	0.7994377500000001
base_motif_structure_score	LOC_Os07g15790	LOC_Os07g15790.1	54	2551	2750	CUUAACAAGGUUGGAUACUCGGACGAACCUUUUGUCCUUGCCAAUGAUGUAACGCAAGUCUUUUUCGUGAAGGACAUGUCUAGCAAAGGAAAGAAGGGCAGAGGGCCUGAGGAGCCUAAGCGUCACGUCGUUCUCCCAGGCAAAAGAAAAAUCGUCGGAGUUGAGGACAAGACUAACGAGGAUUAUGAUCAGUUGGAUGG	0.9993999	1.3721563	0.4503928	0.99704236	0.5663716	0.55	0.9993999	0.99280749	0.9856908539999999	0.963487186	0.99280749	0.710331914323767
base_motif_structure_score	LOC_Os12g19190	LOC_Os12g19190.1	35	1551	1750	CCGGUGCCAAUGGGUUAGGUUGACUGGUGGAGGCGUAAUGGUUGAUGACAGUGGGAUGACAACGGUUGACCUUAACAAGGUUGGAUACUCGGACGAACCUUUUGUCCUUGCCAAUGAUGUAACGCAAGUCUUUUACGUGAAGGACAUGUCUAGCAAAGGAAAGAAGGGUAGAGGGCCUGACGAGCCUAAGCGUCACGUGG	0.9993943	0.51754737	0.62308776	0.99861324	0.61855537	0.565	0.9993943	0.9900557333333334	0.98361384	0.9563853999999999	0.99580775	0.7408980499278843
base_motif_structure_score	LOC_Os03g05850	LOC_Os03g05850.1	82	1551	1750	GGCGCCGUUCCCGGCGGCGGCGCACUUCAGGGCGGAGGAGCCGCUCGAGCUGCUGCACAUAGAUCUGUGCGGCCCGAUUACACCGAAUACGAUGUCUGGUAAUCGCUAUUUUUUUCUUAUAGUUGAUGAUUAUUCCCGGUGGAUAUGGGUGUUCGUACUCAAGACGAAGGAUCAAUCGCUCGAUGCUUUCGUAAAGUUCA	0.9993849	2.1541324	0.45109308	0.99339527	0.6073854	0.56	0.9993849	0.9974789	0.9946758599999999	0.9870144839999998	0.9946758599999999	0.6806329284326538
base_motif_structure_score	LOC_Os09g26590	LOC_Os09g26590.1	18	601	800	CGAUCGAGAAGACGGCGGCGGCGGCGAUGGCCGGCGUCGCCGAGCUCGCCGGAGUCGUCGGAGGCUUCUAGAAGGGGGUAAUUUGGUAAUUCGGUUUGUUCUUUUUUUUUUUGGUUCUUUCUUUGAGGUUAGGGGUAGAGUUGUAAUAUACGCCGAGCUACGAGGGCGAGUAGCGAAAUGUUUGGAGAUUUAGUUAACCU	0.99936396	2.61376	0.62890357	0.9882416	0.63091683	0.57	0.99936396	0.99818622	0.9871326120000001	0.9505075410000001	0.99936396	0.7869675843278208
base_motif_structure_score	LOC_Os07g12980	LOC_Os07g12980.1	89	4151	4350	GGGAAGUUAGAAUCGGCUCUAGAAGGAUAGAGUUGCAAGACAGUUUGACAGCCGAUGAGUAUUAUAACCUUAUGGCCGAUGAAAGGGAGGACUUGGUUCAAUCGCGUUUACGAGCCCUUGCUAAGGUUACCAAAGAUAAGGAACGAGUUGCUAGGCAUUAUAACAAGAAAGUAGUGCCUAAGGAUUUUUCGGAAGGUGAA	0.9993463	0.97571945	-0.0069145644	0.9982735	0.55088496	0.515	0.9993463	0.9930139333333333	0.9882160000000001	0.9801528809999999	0.9882160000000001	0.6747536451835163
base_motif_structure_score	LOC_Os01g28390	LOC_Os01g28390.1	110	2851	3050	GACCUUAACAAGGUUGGAUACUCGGACGAACCUUUUAUCCUUGCCAAUGAUGUAACGCAAGUCUUUUUCGUGAAGGACAUGUCUAGCAAAGGAAAGAAGGGCAGAGGGCCUGAUGAGCCUAAGCGUCAAGUGGUUCUCCCAGGCAAAAGAAAAAUCGUCGGAGUUGAGGACAAGACUGACGAGGAUUACGAUCAGUUGAC	0.9993149	1.3721563	0.24655831	0.996951	0.5755427	0.53	0.9993149	0.9922183133333333	0.983661888	0.9679506290000001	0.9803644233333334	0.6595941066824946
base_motif_structure_score	LOC_Os04g03680	LOC_Os04g03680.1	17	551	750	UCCCUCUGUUCCGGUGCCAAUGGAUUAGGCUGACUGGUGGAGGCGUAACGAUUGAUGACAGUGGGAUGACAACGGUUGACCUUAACAAGGUUGGAUACUCGGACGAACCUUUUGUCCUUGCCAAUGAUGUAACACAAGUUUUUUACGUGAAGGACAUGUCUAGCAAAGGAAAGAAGGGCAAAGGGCCUGACGAGCCGAAG	0.999302	1.04635	0.83141494	0.99699557	0.61230093	0.58	0.999302	0.99747967	0.963302236	0.889746291	0.999302	0.7908057499278844
base_motif_structure_score	LOC_Os04g51840	LOC_Os04g51840.1	41	1751	1950	CUCUGUUCCGGUGCCAAUGGGUUAGGUUGACUGGUGGAGGCGUAAUGAUUGAUGACAGUGGGAUGACAACGGUUGACCUUAACAAGGUUGGAUACUCGGACGAACCUUUUGUCCUUGCCAAUGAUGUAACACAAGUCUUUUUCAUGAAGGACAUGUCUAGCAAAGGAAAGAAGGGUAGAGGGCCUGACGAGCCUAAGCGU	0.99929476	1.258543	0.6226778	0.9966197	0.6347177	0.54	0.99929476	0.9971402333333333	0.98996048	0.9586990500000001	0.9971402333333333	0.7296788888610619
base_motif_structure_score	LOC_Os04g01060	LOC_Os04g01060.1	111	2601	2800	ACCUUUUGUCCUUGCCAAUGAUGUAAUGCAAGUCUUUUUCGUAAAGGACAUGUCUAGCAAAGGAAAGAAGGGCAGAGGGCCUGACGAGCCUAAGCGUCAAGUGGUUCUCCCAGGCAAAAGAAAAAUCGUCGGAGUUGAGGAAAAGACUGACGAGGAUUAUGAUCAGUUGGAUGGACAACCCCCUUUCACAGUGACGAUUG	0.9992742	1.3721563	0.39511284	0.9965222	0.57633835	0.55	0.9992742	0.9888291666666668	0.9785318880000002	0.9650229580000002	0.9754414233333334	0.6589064538971198
base_motif_structure_score	LOC_Os06g33820	LOC_Os06g33820.1	56	2651	2850	UGUUUCGGUGCCAAUGGGUUGGCUUGACUGGUGGAGGCGUAACGAUUGAUGACAAUGGGAUAACAACAGUUGACCUUAACAAGGUUGGAUACUCGGACGAACCUUUUGUCCUUGCCAAUGAUGUAACGCAAGUCUUUUACGUGAAGGACAUGUCUAGCAAAGGAAAGAAGGGCAGAGGGCCUGAUGAGCCGAAGCGUCAC	0.9992724	0.51754737	0.5518693	0.9983925	0.5995284	0.55	0.9992724	0.9935110799999999	0.9878841679999999	0.9672822400000001	0.9935110799999999	0.7076278992917628
base_motif_structure_score	LOC_Os04g04190	LOC_Os04g04190.1	53	2451	2650	CAAGGUUGGAUACUCGGACGAACCUUUUGUCCUUGCCAAUGAUGUAACGCAAGUCUUUUUCGUGAAAGACAUGUCUAGCAAAGGAAAGAAGGGCAGAGGGCCUGAUGAGCCUAAGCGUCAAGUGGUUCUCCCAGGCAAAAGAAAAAUCGUCGGAGUUGAGGACAAGACUGACGAGGAUUACGAUCAGUUGGAUGGGCAAC	0.9992539	1.3721563	-0.4613965	0.9976676	0.5705623	0.42	0.9992539	0.98512648	0.979258248	0.9663969699999999	0.98512648	0.7115095248918266
base_motif_structure_score	LOC_Os06g44690	LOC_Os06g44690.1	55	2451	2650	AUGGGUUAGGUUGACUGGUGGAGGCGUAAUGAUUAAUGACAGUGGGAUGACAACGGUUGACCUUAACAAGGUUGGAUACUCGGACGAACCUUUUGUCCUUGCCAAUGAUGUAACGCAAGUCUUUUUCGUGAAGGACAUGUCUAGCAAAGGAAAGAAGGGCAGAGGGCCUGACGAGCCUAAGCGUCACGUGGUUCUCCCAG	0.99922657	1.3721563	0.6805266	0.9957281	0.61330503	0.575	0.99922657	0.9945158900000001	0.9890999340000001	0.9761586840000002	0.9945158900000001	0.7088588238971198
base_motif_structure_score	LOC_Os11g17890	LOC_Os11g17890.1	50	901	1100	CCAAUCAAUGGUUCGGAUUGUGUUAAUAAUUUGUGCAAUGAUGCCAUAACAAUUAUAGCCGAACCAAAUGUUGGUUCGGAUUGUCUUGCUAGCUUGGAUAAUGAUGCAACAACCAUUAUGGCCGAACCAAGCGACGGUUUGGAUUGUGUUAUUAGUUUAGACAAUGAUGGAAUAGCCGAACCAAGUGAUGGCUCGGAUUG	0.9992211	0.07287486	0.73120713	0.998793	0.65551895	0.57	0.9992211	0.9975687666666667	0.99156996	0.9739873429999999	0.9975687666666667	0.7155998329014253
base_motif_structure_score	LOC_Os10g11210	LOC_Os10g11210.1	63	2951	3150	UUAACAAGGUUGGAUACUCGGACGAACCUUUUGUCCUUGCCAAUGAUGUAACGCAAGUCUUUUUCGUGAAGGACAUGUCUAGCAAAGGAAAGAAGGGCAGAGGGCCUGAUGAGCCUAAGCGUCAAGUGGUUCUCCCAGGCAAAAGAAAAAUCGUCGGAGUUGAGGACAAGACUGACGAGGAUUACGAUCAGUUGGAUGGG	0.9992112	1.3721563	0.30868545	0.9963804	0.5526042	0.54	0.9992112	0.9865310033333333	0.9811668539999999	0.966878889	0.9843425025	0.6992111999999999
base_motif_structure_score	LOC_Os03g41330	LOC_Os03g41330.1	21	951	1150	UCGAUCCAGAGCUGUACGUACGUAAUUGUAAGCUAAUUAAUUAUGCUUAAUUUGUAGUGGCAACUGUGCAGAGAGGGUGAGGGUUCAAUCGAUCGAUCACCAGGUCGGCUGUGUGGUGAUUAAUUAUAUUAGUUGCAUCUGUAUUGAUUAGUUGAGCCUUUUUUGGUCAUGUGCAACUUAAUUGGUUUUGUAGUGAUCAA	0.99920255	1.8506157	1.4191207	0.9897803	0.6981718	0.635	0.99920255	0.9867008500000001	0.96736431	0.9271328989999998	0.998347675	0.7762309690681352
base_motif_structure_score	LOC_Os11g42090	LOC_Os11g42090.1	67	3274	3473	UGGAAACACCUUACUUGAAGAUGAUACUUAUCUAGAGGAGGCUUUUUUUGGUGCUCGAGUAGAUACUAGGAGGCACCACGUUUCCUAAUGUUAAUAGAACAUGGGCAUGUUUGGAUGUACUUAAUGUUAAUCUUAUUAAAACUAGCUGGGUGGCUCGCGCAAUUGUGCGGCUAGCACCCAUAUAAAAUUAUCUAUUUUUU	0.99920255	2.1807837	0.05619168	0.992785	0.58852553	0.495	0.99920255	0.9962755366666666	0.9897195719999999	0.9710115159999999	0.9937272899999999	0.694829407937483
base_motif_structure_score	LOC_Os10g16824	LOC_Os10g16824.1	36	1051	1250	GACGAACCUUUUGUCUUUGCCAAUGAUGUAACGCAAGUCUUUUACGUGAAGGACAUGUCUAGCAAAGGAAAGAAGGGCAAAGGGCCUGACGAGCCGAAGCGCCACGUGGUUCUCCCAGGCAAAAGAAAAAUCGUCGGAGUAGAGGACAAGACUAACCAGGAUUACGAUCAGUUGGAUGGGCAACCCCCUUUCACGGUGAC	0.9991862	0.51754737	-0.20107499	0.9987656	0.56303084	0.48	0.9991862	0.9991072333333332	0.99001445	0.9496931209999999	0.9991341499999999	0.7387135317185525
base_motif_structure_score	LOC_Os09g34340	LOC_Os09g34340.1	31	401	600	UGACGGCCACCGCCUCUCUUCUGCCUUCGGUGGCGGUAGUGGCGUCGGGUGGAUCCGGCGGCAGCGGUGGCAGUGGUGGCAGCGGCGAGUGGAUCCGGCGGCAGUGGCGGCGGCCGAGGGCGAUCCGGCGGCAGUCGGCGACGGCCGCGGGUGGAUCCGGCGGCAGCCGAGGGUGGAUCCGGUCGCCUUUUUUUUCGCCC	0.9991824	2.61376	1.5173818	0.97670287	0.6837662	0.67	0.9991824	0.9976934666666666	0.9923369399999998	0.9817648029999999	0.99860935	0.7491824
base_motif_structure_score	LOC_Os12g33460	LOC_Os12g33460.1	24	1051	1250	UCGGACGAACCUUUUGUCCUUGCCAAUGAUGUAACGCAAGUCUUUUUCUUGAAGGACAUGUCUAGCAAAGGAAAGAAGGGCAGAGGGCCUGACGAGCCUAAGCGUCAAGUGGUUCUCCCAGGCAAAAGAAAAAUCGUCGGAGUUGAGGACAAGACUGACAAGGAUUACGAUCAGUUGGAUAUGGCUGACCGCGAUGAGGA	0.9991691	1.5126935	-0.019199798	0.99627566	0.56664735	0.5	0.9991691	0.9914818533333333	0.977212132	0.9367060309999999	0.99730628	0.7669762905112638
base_motif_structure_score	LOC_Os07g29850	LOC_Os07g29850.1	114	2551	2750	GUUGGAUACUCGGACGAACCUUUUGUCCUUGCCAAUGAUGUAACGCAAGUCUUUUUCGUGAAGGACAUGUCUAGCAAAGGAAAGAAGGGCAGAGGGCCUGAUGAGCCUAAGCGUCAAGUGGUUCUCCCAGGCAAAAGAAAAAUCGUCGGAGUUGAGGACAAGACUGACGAGGAUUACGAUCAGUUGGAUGGGCAACCCCC	0.9991677	1.3721563	0.59692967	0.9955914	0.5838299	0.57	0.9991677	0.9873347333333333	0.97810802	0.9637271540000001	0.97458465	0.6568931974527812
base_motif_structure_score	LOC_Os07g34080	LOC_Os07g34080.1	58	2701	2900	GUUGGAUACUCGGACGAACCUUUUGUCCUUGCCAAUGAUGUAACGCAAGUCUUUUUCGUGAAGGACAUGUCUAGCAAAGGAAAGAAGGGCAGAGGGCCUGAUGAGCCUAAGCGUCAAGUGGUUCUCCCAGGCAAAAGAAAAAUCGUCGGAGUUGAGGACAAGACUGACGAGGAUUACGAUCAGUUGGAUGGGCAACCCCC	0.9991677	1.3721563	0.59692967	0.9955914	0.5838299	0.57	0.9991677	0.9915440666666666	0.9806147880000001	0.9670016990000001	0.9915440666666666	0.7050355475319079
base_motif_structure_score	LOC_Os10g07552	LOC_Os10g07552.1	67	3151	3350	GUUGGAUACUCGGACGAACCUUUUGUCCUUGCCAAUGAUGUAACGCAAGUCUUUUUCGUGAAGGACAUGUCUAGCAAAGGAAAGAAGGGCAGAGGGCCUGAUGAGCCUAAGCGUCAAGUGGUUCUCCCAGGCAAAAGAAAAAUCGUCGGAGUUGAGGACAAGACUGACGAGGAUUACGAUCAGUUGGAUGGGCAACCCCC	0.9991677	1.3721563	0.59692967	0.9955914	0.5838299	0.57	0.9991677	0.9882572566666666	0.9831068139999999	0.971018731	0.9852783425	0.694794557937483
base_motif_structure_score	LOC_Os11g18550	LOC_Os11g18550.1	58	2701	2900	GUUGGAUACUCGGACGAACCUUUUGUCCUUGCCAAUGAUGUAACGCAAGUCUUUUUCGUGAAGGACAUGUCUAGCAAAGGAAAGAAGGGCAGAGGGCCUGAUGAGCCUAAGCGUCAAGUGGUUCUCCCAGGCAAAAGAAAAAUCGUCGGAGUUGAGGACAAGACUGACGAGGAUUACGAUCAGUUGGAUGGGCAACCCCC	0.9991677	1.3721563	0.59692967	0.9955914	0.5838299	0.57	0.9991677	0.9915440666666666	0.9822484379999998	0.969082723	0.9915440666666666	0.7050355475319079
base_motif_structure_score	LOC_Os09g12190	LOC_Os09g12190.1	57	2601	2800	AUACUCGGACGAACCUUUUGUCCUUGCCAAUGAUGUAACGCAAGUCUUUUUCGUGAAGGAUGUGUCUAGAAAAGGAAAGAAGGGCAGAGGGCCUGACGAGCCUAAGCGUCACGUGGUUCUCCCAGGCAAAAGAAAAAUCGUUGGAGUAGAGGACAAGACUGACAAGGAUUAUGAUCAGUUGGAUGGGCAACCCCCUUUCA	0.9991549	1.3721563	0.13256942	0.9964485	0.5860198	0.515	0.9991549	0.99130428	0.9858074159999999	0.968815779	0.99130428	0.7062558502436214
base_motif_structure_score	LOC_Os02g28630	LOC_Os02g28630.1	57	2651	2850	GAUACUCGGACGAACCUUUUAUCCUUGCCAAUGAUGUAACGCAAGUCUUUUUCGUGAAGGACAUGUCUAGCAAAGGAAAGAAGGGCAGAGGGCCUGAUGAGCCUAAGCGUCAAGUGGUUCUCCCAGGCAAAAGAAAAAUCGUCGGAGUUGAGGACAAGACUGACGAGGAUUACGAUCAGUUGGAUGGGCAACCCCCUUUC	0.99915457	1.3721563	0.12371745	0.99646264	0.57477903	0.51	0.99915457	0.9934852366666665	0.9841973019999999	0.9669536009999999	0.9934852366666665	0.7062555202436214
base_motif_structure_score	LOC_Os04g13630	LOC_Os04g13630.1	149	3751	3950	GACCUUAACAAGGUUGGAUACUCGGACGAACCUUUUGUCCUUGCCAAUGAUGUAACGCAAGUCUUUUUCGUGAAGGACAUGUCUAGCAAAGGAAAGAAGGGCAGAGGGCCUGAUGAGCCUAAGCGUCAAGUGGUUCUCCCAGGCAAAAGAAAAAUCGUCGGAGUUGAGGACAAGACUGACGAGGAUUACGAUCAGUUGGA	0.9991535	1.3721563	0.5004612	0.9957268	0.5800501	0.56	0.9991535	0.9915918100000001	0.9886595140000001	0.9756792169999999	0.9809840400000001	0.637712565475206
base_motif_structure_score	LOC_Os07g23290	LOC_Os07g23290.1	55	1251	1450	GAAGAAGCCCGUCAAGAGGAAGAAACGUACGGAUCAGGACACAACUGAUGCACCUUUAGAGGAAAGUAACCAGUCCUUCAAGAAGCACUCAAUUUUUUUUCAGAAUGUGUUUGAUAGCACCAUUGGCACUUUACUGGACAUCCCGAGUAAGACGAAAGAUGGGUUCAAGUCCCGGACCGACUUUGUCAAUUUGGACAUAA	0.999146	2.4153688	-0.42935812	0.99233973	0.5415025	0.45	0.999146	0.9965665333333332	0.99505741	0.987926858	0.9965665333333332	0.7087782538971198
base_motif_structure_score	LOC_Os10g41240	LOC_Os10g41240.1	57	201	400	UUGAUUCGUUGUUUUUUGGGGGGGAUUUUUUUCUGGUGUGUGUGUUUUUUUUCCCGAUCGGAUCGGUCCAGAUCGGGUCGAUUUGGGCGGGGUGGAGGAGGUGGAGGGAAGGGGGAGAUGCGGAUCGAGGAGCUUCCGGGUGAUUCCGGCGGAGGAGGUGGGGAUGGUGGUGGUGGUGGUGGCGGCGGGGCGCUGCUGCA	0.9991441	2.5738268	1.2207378	0.9797332	0.66520476	0.645	0.9991441	0.9989262666666666	0.99828405	0.991159294	0.9989262666666666	0.7062450502436214
base_motif_structure_score	LOC_Os06g15310	LOC_Os06g15310.1	92	4451	4650	AUUAUAACCUUAUGGCCGAUGAGAGGGAGGACUUGGUUCAAUCGCGUUUACGAGCCCUUGCUAAGGUUACCAAAGAUAAGGAACGAGUUGCUAGGCAUUAUAACAAGAAAGUAGUGCCUAAGGAUUUUUCGGAAGGUGAACUUAUAUGGAAGUUGAUUUUGUCGAUUGGAACUCGGGAUAACAAGUUCGGCAAGUGGUCA	0.9991333	0.97571945	-0.037788916	0.99774665	0.5853932	0.48	0.9991333	0.9937994900000001	0.990467574	0.984095527	0.990467574	0.6721753594445985
base_motif_structure_score	LOC_Os12g38795	LOC_Os12g38795.1	34	101	300	CCGCCGCGUCCGAUUUGGUGCGGAUUUCGUCGGAGAAAUCGCGUCUUGACCUUCCUGUGCCUCUUUUUUUUUUUGUUGCUCGUGGGGGAUUUCAGGAGAAGAGGGGGGCGGCGUCGCAUGGCGACUACGACGAGCAAGAUCGCCGGGUGAAAGGCGCCGAGGUGUUCGUCGGCGGGUUGCCGCGGUCGGUGACGGAGCGG	0.9991166	2.61376	1.5913799	0.97395134	0.69248307	0.685	0.9991166	0.9986545866666666	0.9956891240000001	0.979041073	0.9988570800000001	0.7426524491527517
base_motif_structure_score	LOC_Os08g06480	LOC_Os08g06480.1	88	251	450	GAGGCGUCAGAUCGGUGGUCGGGCCGCCGGAGACGGAGGAGAUCCGGGGCAUGGGCGUGGCGACGGGGGCGGGAGGGUCGUCGUGAGCUUUCUGCCGCCGUCGGUUUCGGCUUGAGCUCUGGGUUUAUUAAUUUUUUUUGGGGUUGCUGCUGUUUUUUUUGUGGAGGUUUGAGUUGGUGAGGGGGGUGGUUUGGUGCGCC	0.99910873	2.5738268	1.582358	0.9748394	0.70853823	0.705	0.99910873	0.9984760600000001	0.997745592	0.9905718080000001	0.997745592	0.6753220584516801
base_motif_structure_score	LOC_Os06g14120	LOC_Os06g14120.1	63	2951	3150	GAUACUCGGACGAACCUUUUGUCCUUGCCAAUGAUGUAACGCAAGUCUUUUUCGUGAAGGACAUGUCUAGCAAAGGAAAGAAGGGCAGAGGGCCUGAUGAGCCUAAGCGUCAAGUGGUUCUCCCAGGCAAAAGAAAAAUCGUCGGAGUUGAGGACAAGACUGACGAGGAUUACGAUCAGUUGGAUGGGCAACCCCCUUUC	0.99910825	1.3721563	0.43524057	0.99564326	0.57835126	0.54	0.99910825	0.9932400266666667	0.978966056	0.963706026	0.984697445	0.69910825
base_motif_structure_score	LOC_Os11g30070	LOC_Os11g30070.1	63	2951	3150	GAUACUCGGACGAACCUUUUGUCCUUGCCAAUGAUGUAACGCAAGUCUUUUUCGUGAAGGACAUGUCUAGCAAAGGAAAGAAGGGCAGAGGGCCUGAUGAGCCUAAGCGUCAAGUGGUUCUCCCAGGCAAAAGAAAAAUCGUCGGAGUUGAGGACAAGACUGACGAGGAUUACGAUCAGUUGGAUGGGCAACCCCCUUUC	0.99910825	1.3721563	0.43524057	0.99564326	0.57835126	0.54	0.99910825	0.9932400266666667	0.979067656	0.960658531	0.98485932	0.69910825
base_motif_structure_score	LOC_Os02g20110	LOC_Os02g20110.1	130	3101	3300	ACCCAAGCUAUUACUUUGAGGGCGUCGUGGAGGGUUCGAAUGUCUAUGCUAAGGAUACCGUAGAUGAUCCCGAUGACAAGCAGGGCCAAGGUUUUAUGUCGGCCGAUGAUUUGGAAGAAAUAGACAUAGGUCCAAGCGAUCGGCCAAGGCCGACAUUUAUUAGCAAAAAUUUGUCUCCAGAGUUUAGAACCAAGUUGAUA	0.99910307	0.64468837	0.26675943	0.998049	0.56549543	0.53	0.99910307	0.9943830766666667	0.992588836	0.982237636	0.9876112114285714	0.6474319199231274
base_motif_structure_score	LOC_Os12g34250	LOC_Os12g34250.1	53	2501	2700	ACCUUAACAAGGUUGGAUACUCGGACGAACCUUUUGUCCUUGUCAAUGAUGUAACGCAAGUCUUUUUCGUGAAGGACAUGUCUAGCAAAGGAAAGAAGGGCAGAGGGCCUGAUGAGCCUAAGCGUCAAGUGGUUCUCCCAGGCAAAAGAAAAAUCGUCGGAGUUGAGGACAAGACUGACGAGGAUUACGAUCAGUUGGAU	0.99908817	1.3721563	0.3671134	0.9956937	0.57934546	0.525	0.99908817	0.9864851033333334	0.9779912019999999	0.963894031	0.9864851033333334	0.7113437948918266
base_motif_structure_score	LOC_Os01g46540	LOC_Os01g46540.1	53	2451	2650	CAAGGUUGGAUACUCGGACGAACCUUUUGUCCUUGCCAAUGAUGUAACGCAAGUCUUUUUCGUGAAGGACAUGUCUAGCAAAGGAAAGAAGGGCAGAGGGCCUGAUGAGCCUAAGCGUCAAGUGGUUCUCCCAGGCAAAAGAAAAAUCGUCGGAGUUGAGGACAAGACUGACGAGGAUUACGAUCAGUUGGAUGGGCAAC	0.9990728	1.3721563	-0.47338355	0.99711955	0.57100546	0.42	0.9990728	0.9876714466666666	0.9800274139999999	0.965167198	0.9876714466666666	0.7113284248918266
base_motif_structure_score	LOC_Os03g27730	LOC_Os03g27730.1	96	2501	2700	UCAAGGUCCCUCUGUUCCGGUGCCAAUGGUUUAGGUUGACUGGUGGAGGCGUAAUGAUUGGUGACAGUGGGAUGACAACGGUUGACCUUAACAAGGUUGGAUACUCGGACGAACCUUUUGUCAUUGCCAAUGAUGUAACGCAAGUCUUUUUCGUGAAGGACAUAUCUAGCAAAGGAAAGAAGAGCAGAGGGCCUGACGAG	0.9990709	1.3721563	0.7287788	0.9947477	0.6495299	0.555	0.9990709	0.9968008999999999	0.984198728	0.96384092	0.984198728	0.6690752578906436
base_motif_structure_score	LOC_Os03g43350	LOC_Os03g43350.1	25	1051	1250	ACACCUAACCACUGGUCGCAGCCGACGGGUGCGAUACUAUUAUGCCCCUGCAAAUGAUGUUAGUUAUUUUGCCUGUCGGUUUCCCGUAGCUUUCUACAUAUGAACGUUUUGUGGUCGGUGUAAACCCGAGAUUGAUUAAAAUCGGGCGAUCGGGGGAGGUGGGAAAAAUCGGUCGCUCCCUCUUCCCGCAUGCGCGCGCU	0.9990497	0.6069859	0.086978585	0.9981804	0.586947	0.5	0.9990497	0.98937306	0.98360985	0.9554456530000002	0.99324532	0.7640277140929455
base_motif_structure_score	LOC_Os09g16880	LOC_Os09g16880.1	43	1851	2050	CCGGUGCCAAUGGGUUAGGUUGACUGGUAGAGGCGUAACGAUUGAUGACAGUGGGAUGACAACGGUUGACCUUAACAAGGUUGGAUACUCGGACGAAUCUUUUAUCCUUGCCAAUGAUGUAACGCAAGUUUUUUACGUGAAGGACAUGUCUAGCAAAGGAAAGAAGGGCAAAGGGCCUAACGAGCCGAAGCGCCACGUGG	0.9990331	0.886081	0.61779666	0.9968129	0.5996674	0.55	0.9990331	0.9968051666666667	0.991346206	0.96994174	0.9968051666666667	0.7260615190681352
base_motif_structure_score	LOC_Os12g31990	LOC_Os12g31990.1	16	651	850	GUUCCGGUGCCACUGGUUUAAAUUGACUGGUGGAGGCGUAACGAUUAAUGACAGUGAGAUGACAACGGUUGAUCUUAACAAGGUUGGAUACUUGGACGAACCUUUUGUCCUUGCCAAUGAUGUAACGGAAGUUUUUUACGUCAAGGACAUGUCCAGCAAAGGAAAAAAGGCCAAAGGGCCUGACGAGCCAAAGCGCCAUG	0.999033	1.04635	0.33342078	0.9967546	0.5602677	0.54	0.999033	0.99234592	0.9715591419999999	0.9241560209999999	0.999033	0.794659857937483
base_motif_structure_score	LOC_Os01g66140	LOC_Os01g66140.1	63	151	350	GCGGCGGCGAGGUUCGUCGGCGGGGAUUGUGGGGGGGGGGGAGAAGACGACGAGGGUUUUUUUUUUAUUUUUUUUUUCUGAUUAUCCCCCUCGCGCGGGGGGUUUUGGGCGAUGGGGAGGAGGAGCAAGCAGAAGGUGGAGGAUAUGGCCGAGGAGCUCUGCUUCGUCUGCAAGGACGGCGGCGACAUCCGCGUUUGCGA	0.9990037	2.5738268	1.5139872	0.97287005	0.68409044	0.675	0.9990037	0.9981760566666665	0.9929646679999999	0.977600783	0.9978433924999999	0.6990037
base_motif_structure_score	LOC_Os03g44070	LOC_Os03g44070.1	118	3051	3250	UGUUGACCUUAACAAGGUUGGAUACUCGGACGAACCUUUUGUCCUUGCCAAUGAUGUAACGCAAGUCUUUUUCGUGAAGGACAUGUCUAGCAAAGGAAAGAAGGGCAGAGGGCCUGAUGAGCCUAAGCGUCAAGUGGUUCUCCCAGGCAAAAGAAAAAUCGUCGGAGUUGAGGACAAGACUGACGAGGAUUACGAUCAGU	0.9990007	1.3721563	0.4661393	0.99504435	0.5862335	0.545	0.9990007	0.98969891	0.983542706	0.9702697419999999	0.9800864050000001	0.6542598118346028
base_motif_structure_score	LOC_Os05g15570	LOC_Os05g15570.1	39	1851	2050	UGUUGACCUUAACAAGGUUGGAUACUCGGACGAACCUUUUGUCCUUGCCAAUGAUGUAACGCAAGUCUUUUUCGUGAAGGACAUGUCUAGCAAAGGAAAGAAGGGCAGAGGGCCUGAUGAGCCUAAGCGUCAAGUGGUUCUCCCAGGCAAAAGAAAAAUCGUCGGAGUUGAGGACAAGACUGACGAGGAUUACGAUCAGU	0.9990007	1.3721563	0.4661393	0.99504435	0.5862335	0.545	0.9990007	0.9939009666666667	0.9870457720000001	0.9684677200000001	0.9965329350000001	0.7329042952556318
base_motif_structure_score	LOC_Os05g27020	LOC_Os05g27020.1	54	2451	2650	UGUUGACCUUAACAAGGUUGGAUACUCGGACGAACCUUUUGUCCUUGCCAAUGAUGUAACGCAAGUCUUUUUCGUGAAGGACAUGUCUAGCAAAGGAAAGAAGGGCAGAGGGCCUGAUGAGCCUAAGCGUCAAGUGGUUCUCCCAGGCAAAAGAAAAAUCGUCGGAGUUGAGGACAAGACUGACGAGGAUUACGAUCAGU	0.9990007	1.3721563	0.4661393	0.99504435	0.5862335	0.545	0.9990007	0.98969891	0.983489086	0.9668534769999999	0.98969891	0.709932714323767
base_motif_structure_score	LOC_Os11g46910	LOC_Os11g46910.1	103	1851	2050	UGUUGACCUUAACAAGGUUGGAUACUCGGACGAACCUUUUGUCCUUGCCAAUGAUGUAACGCAAGUCUUUUUCGUGAAGGACAUGUCUAGCAAAGGAAAGAAGGGCAGAGGGCCUGAUGAGCCUAAGCGUCAAGUGGUUCUCCCAGGCAAAAGAAAAAUCGUCGGAGUUGAGGACAAGACUGACGAGGAUUACGAUCAGU	0.9990007	1.3721563	0.4661393	0.99504435	0.5862335	0.545	0.9990007	0.98969891	0.982952726	0.967147372	0.9796228383333334	0.6639787140929454
base_motif_structure_score	LOC_Os06g48050	LOC_Os06g48050.1	91	1751	1950	GCGGCCGGAGGGGGAGCAGCCGAGGAAGAAGGACGUGGCGCGGAGCAACGACGUGAUCGAGGAGACCAAGAGGACGCUGAUGAUGAAGAGGAAGAGCAAGGUGAAGGCGCUGGUUGGGGCGUUCGAGACGGUCAUGGACACCCCCAGCCCGGGAAAAUCGAGCUGAUUUUGAUUUGGAUUUUUUUUUCUUUUUUUUUGGA	0.998998	2.61376	0.20419289	0.9850637	0.6173633	0.485	0.998998	0.9988841666666667	0.99841731	0.9879287400000001	0.99841731	0.6728199021971494
base_motif_structure_score	LOC_Os01g19060	LOC_Os01g19060.1	5	51	250	GACUAUGGUUCGAUACUCGGACGAACCUUUUGUCCUUGCCAAUGAUGUAACGCAAGUCUUUUUCGUGAAGGACAUGUCUAGCAAAGGAAAGAAGGGCAGAGGGCCUGAUGAGCCUAAGCGUCAAGUGGUUCUCCCAGGCAAAAGAAAAAUCGUCGGAGUUGAGGACAAGACUGACGAGGAUUACGAUCAGUUGGAUGGGC	0.9989968	1.3721563	0.52776396	0.9948702	0.5802626	0.55	0.9989968	0.9818833100000001	0.9294511520000001	0.9294511520000001	0.9989968	0.8697486749639423
base_motif_structure_score	LOC_Os06g43620	LOC_Os06g43620.1	31	1351	1550	CAAAUGAUAAUUCGAUACAGCAGAGUACACAAGAAGCAUAUAUAUACAGCGGUAGACGAUCGAAUUAAUUGAUUUGAGUGGUUUUGUUUUUGUGAGGUUUUUUUUUAAAAUUUUUAAGUUUGUUUAGCUUGCAGGAGUCGGUCAUCAAGUGUGAGAUAUUACCGUGUCGUCCGGUUAAUGACAAGGAUUUAUUGAUUGUU	0.9989888	2.5738268	0.22790827	0.98534006	0.60912	0.52	0.9989888	0.9965871566666668	0.98039232	0.9409034550000002	0.99781355	0.7489888
base_motif_structure_score	LOC_Os01g34374	LOC_Os01g34374.1	95	2551	2750	GUUGGAUACUCGGACGAACCUUUUGUCCUUGCCAAUGAUGUAACGCAAGUCUUUUACGUGAAGGACAUGUCUAGCAAAGGAAAGAAGGGCAGAGGGCCUGAUGAGCCUAAGCGUCACGUGGUUCUCCCAGGCAAAAGAAAAAUCGUCGGAGUUGAGGACAAGACUGACGAGGAUUACGAUCAGUUGGAUGGGCAACCCCC	0.9989772	0.51754737	0.6291652	0.9976526	0.59198415	0.57	0.9989772	0.98955488	0.9775893979999999	0.9546794249999999	0.9775893979999999	0.6697290749639422
base_motif_structure_score	LOC_Os06g44420	LOC_Os06g44420.1	15	551	750	GAGAAGAAGGUGGAGGAGGUGAGCUCGCCGCCGCCGCCGUCGGAACGCGACGCCGACGACGACGCGGCGAGCCGACGCCAUGAAAGCAGCAGUAAUACAAGGCAGCAAGAAAGCUCGCAAUAAAAGCAGCCGUUUCUUCAGUUUUUUUUUCUCUCCUUUUUUUGGGUGGAGUGAUCACUUUUUUCCCUCCUCUUUUUUUU	0.9989637	2.6936262	0.8577178	0.97699195	0.65865916	0.565	0.9989637	0.9977404666666666	0.982197	0.921465145	0.9989637	0.7989637
base_motif_structure_score	LOC_Os03g19020	LOC_Os03g19020.1	189	351	550	GGUGGUGGUGCGAGGCCGUCGCUGGGCGGUGCUGGUUUUCUCGCGCGGCUGGUGCGAUCGGAGAGGUGGGUGUGUGCUUGUUUCGGCGUGUGAUUUGGGCGGAGGGAUCCGGCGAUCUGGUUCUGAUUCGUUGUUUUUUUUCUUCCUCUUGGUGUGUAGGGAUGGGGAAGGGAGGGGAAGGGGCGGUUCCCGUGGGGGAG	0.9989415	2.4153688	0.8198336	0.98244125	0.6756836	0.545	0.9989415	0.99827871	0.9946853360000001	0.985733568	0.985733568	0.6204487195834526
base_motif_structure_score	LOC_Os03g03600	LOC_Os03g03600.1	29	1251	1450	CGGACGCGUCUCCGCCGGCGCCGCCGCCGGCCGACGCGCCGUCGAAGCCGGCGGAUCACAAGGAAAUGAAGGCGUCGUCCGCCGUCGCGUUGCGGUCAGUAGUGCUCGGCGCAUUAGCCGCGGCCGUGUGUUCCUUCGUGCUGCUUUAAGCACAAGUUUUUUUUUCCCUUUCUUCCAUGUCCAGUGCCGGUGAUUGUGAU	0.9989371	2.5738268	0.6725699	0.9808396	0.627975	0.575	0.9989371	0.9962586099999999	0.987844154	0.9564273029999999	0.99810045	0.753592570219574
base_motif_structure_score	LOC_Os03g56810	LOC_Os03g56810.1	37	1351	1550	AGAGCAACAUGAACGAUCUCGUCGCGGAGUACCAGCAGUACCAGGACGCCACAGCCGAUGAAGAGUACGAAGACGAAGAGGAAGAAGCUGAGGCCGAAUAGCAUUGAGCCCCAUUUGCCCUUCACAGGUUGUUUUGCCAGUGAAGAGUUUUGUGUCUUUGUGAUGCUGUGCUCUUUUUUCUUUCUCUGACGUGCGUGAUG	0.99893326	2.1940656	0.619638	0.98710877	0.6184126	0.58	0.99893326	0.9968016766666666	0.990169414	0.968709352	0.998852615	0.7365368843278208
base_motif_structure_score	LOC_Os11g44160	LOC_Os11g44160.1	73	3301	3500	GACGAACCUUUUGUCCUUGCCAAUGAUGUAACGCAAGUCUUUUUCGUGAAGGACAUGUCUAGCAAAGGAAAGAAGGGCAGAGGGCCUGAUGAGCCUAAGCGUCAAGUGGUUCUCCCAGGCAAAAGAAAAAUCGUCGGAGUUGAGGACAAGACUGACGAGGAUUACGAUCAGUUGGAUGGGCAACCCCCUUUCACGGUGAC	0.9989078	1.3721563	0.1433258	0.9953886	0.5644638	0.52	0.9989078	0.9896916333333333	0.983363232	0.9685698090000001	0.98650129	0.6884351317185524
base_motif_structure_score	LOC_Os12g37030	LOC_Os12g37030.1	62	2901	3100	ACCUUUUGUCCUUGCCAAUGAUGUAACGCAAGUCUUUUUCAUGAAGGACAUGUCUAGCAAAGGAAAGAAGGGCAGAGGGCCUGAUGAGCCUAAGCGUCAAGUGGUUCUCCCAGGCAAAAGAAAAAUCGUCGGAGUUGAGGACAAGACUGACGAGGAUUACGAUCAGUUGGAUGGGCAACCCCCUUUCACGGUGACGAUUG	0.99889356	1.258543	0.33176795	0.9954183	0.592345	0.525	0.99889356	0.9885409533333332	0.979310398	0.966711127	0.984008915	0.700029563825004
base_motif_structure_score	LOC_Os04g06190	LOC_Os04g06190.1	19	651	850	CCAAUGGGUUAGGUUGACUCGUGGAGACGUAACAAUUGAUGACAGUGGGAUGACAACGGUUGACCUUAACAAGGUUGGAUACUCGGACGAACCUUUUGUCCUUGCCAAUGAUGUAACACAAGUUUUUUACGUGAAGGACAUGUCUAGCAAAGGAAAGAAGGGCAAAGGGCCUGACGAGCCGAAGCGCCACGUGGUUCUCU	0.9988914	1.04635	1.0473849	0.9946937	0.6334259	0.61	0.9988914	0.9949087433333332	0.98349014	0.909666331	0.9988914	0.7827949952556319
base_motif_structure_score	LOC_Os12g11830	LOC_Os12g11830.1	13	451	650	CGCCGCCUCUCUUCUGCCUUCGGUGGAGGUGGUGGCGUCGGGUGGAUCCGGUGGCAGUGGCGGUGGCCGAGGGCGAUCCGGCGGCAGUCGGCGGUGGUGGCGUCAGCGACGGCCGCGGGUGGAUCCAGCGGCAAUGGCAGCGGCCGAGGGCGGAUCCGGUCGCCUUUUUUUUCGCCCGAGUUUGUUUCUUUUUCGUGGAA	0.998887	2.61376	1.0302365	0.9751741	0.6558481	0.635	0.998887	0.9970420133333334	0.991503896	0.9483450119999999	0.998887	0.8085192538971198
base_motif_structure_score	LOC_Os12g28560	LOC_Os12g28560.1	55	2551	2750	UUUGUCCUUGCCAAUGAUGUAACGCAAGUCUUUUUCGUGAAGGACAUGUCUAGCAAAGGAAAGAAGGGCAGAGGGCCUGAUGAGCCUAAGCGUCAAGUGGUUCUCGCAGGCAAAAGAAAAAUCGUCGGAGUUGAGGACAAGACUGACGAGGAUUACGAUCAGUUGGAUGGGCAACCCCCUUUCACGGUGACGAUUGACCC	0.99888617	1.3721563	0.252936	0.99503446	0.5828293	0.54	0.99888617	0.9974782033333334	0.992445532	0.975325243	0.9974782033333334	0.7085184238971198
base_motif_structure_score	LOC_Os01g59360	LOC_Os01g59360.1	39	1884	2083	AAUGGGUAUGAUGCUUAAUUUUCCUUUUUGGUGUUGACCCAAACUCGAUCGUGUUAGAACUGUUCGUAUACACUUCUUUGUUUAGCGGCCUCUUGGUGUUCGACGGCGACAAUGAUAAGCCGUAUGUUCUGAUGUAAGAUAAGAGAUUAGCAUAUGGCAAUUGGGCACGCGCUAAUUGAUUGGGCACUAUAUUUUUUUUA	0.99887484	2.324384	0.6249872	0.98450893	0.63254666	0.555	0.99887484	0.9885083466666668	0.9705481380000001	0.9196449529999999	0.99180997	0.7327784352556319
base_motif_structure_score	LOC_Os02g04440	LOC_Os02g04440.4	239	3151	3350	AGCUUUUUUUUUUCUUUCUACAGGAUGUAUGCUGCCUGCAUUUUUGUCUGGUGUGUAAUCUUUUUCUACGGGAUGUAUGUCGCCUGCAAAUCUUGAUGCUGGACAGAGCCGCGUUGCGCCGUAUCCUACAAAAGACGCCGAUGAUUAGCAUUGCUGAUGUGGCAUCUGUACGGAGAACCUGAUAAUACUACUUGAAAGGG	0.9988575	2.61376	0.2259121	0.9828194	0.5992252	0.51	0.9988575	0.9962154433333333	0.995558226	0.9938292369999999	0.9930405975	0.6035129702195741
base_motif_structure_score	LOC_Os06g14680	LOC_Os06g14680.1	50	2201	2400	CUCUGUUCCGGUGCCAAUGGGUUAGGUUGACUGGUGGAGGCGUAACGAUUGAUGACAGUGGGAUGACAACAGUUGACCUUAACAAGGUUGGAUACUCGGACGAACCUUUUGUCCUUGCCAAUGAUGUAAUGCAAGUCUUUUACGUGAAGGACAUGUCUAGCAAAGGAAAGAAGGGUAGAGGGCCUGACGAGCCGAAGCGU	0.9988544	0.51754737	0.9693256	0.99688524	0.64842874	0.6	0.9988544	0.9917649533333334	0.9828770099999999	0.9585956499999998	0.9917649533333334	0.7152331329014252
base_motif_structure_score	LOC_Os08g34600	LOC_Os08g34600.1	55	2451	2650	AUGGGCUAGCUUGACUGGUGGAGGCGUAACGAUUGAUGACAGUGGGAUAACAACGGUUGACCUUAACAAGGUUGGAUACUCGGACGAACUUUUUGUCCUUGCCAAUGAUGUAACCCAAGUUUUUUACGUCAAGGACAUGUCUAGCAAAGGAAAAAAGGGCAAAGGGCCUGAUGAGCCGAAGCGCCACGUGGUUCUCCCAG	0.9988424	1.2121648	-0.34806773	0.99673766	0.5553223	0.43	0.9988424	0.9964224166666665	0.9856552279999999	0.9634350289999999	0.9964224166666665	0.7084746538971198
base_motif_structure_score	LOC_Os08g34670	LOC_Os08g34670.1	37	901	1100	GUAGAUCAAUUUUUAGCGCAAUGUGGUGAGGCUAAUUGGGAUACAUCCGAACCAAAUGACGGUUCGGAUUGUGUUAAUAAUUUGUGCAAUGAUGCCAUAGCAAUUAUAGCCGAACCAAAUGUUGGUUCGGAUUGUCUUACUAGCUUGGAUGAUAAUGCAACAACCAUUAUAGCCGAACCAAGUGUUGGUUCGGAUUGUGU	0.99883837	0.56784284	0.17061707	0.9977703	0.6430423	0.445	0.99883837	0.9953391233333333	0.989828142	0.961277731	0.997699085	0.7364419943278206
base_motif_structure_score	LOC_Os10g26870	LOC_Os10g26870.1	62	2901	3100	CUCGGACGAACCUUUUGUCCUUGCCAAUGAUGUAACGCAAGUCUUUUUCGUGAAGGACAUGUCUAGCAAAGGAAAGAAGGGCAGAGGGCCUGAUGAGCCUAAGCGUCAAGUGGUUCUCCCAGGCAAAAGAAAAAUCGUCGGAGUUGAGGACAAGACUGACGAGGAUUACGAUCAGUUGGAUGGGCAACCCCCUUUCACAG	0.99883384	1.3721563	0.45725363	0.9942462	0.57453185	0.555	0.99883384	0.9928846366666667	0.988378032	0.975089442	0.9903431025	0.6999698438250042
base_motif_structure_score	LOC_Os12g35730	LOC_Os12g35730.1	59	2601	2800	CUGGUGCAAAUGGGUUAGGUUGACUGGUGGAGGCGUAAUGAUUGAUGACAGUGGUAUGACAACUGUUGACCUUAACAAGGUUGGAUACUCGGACGAACCUUUUGUCCUUGCCAAUGAUGUAACGCAAGUCUUUUUCGUGAAGGACAUGUCUAGCAAAGGAAAGAAGGGCAAAGGGCCUGACGAGCCUAAGCGUCAAGUGG	0.99883205	1.3721563	0.23541129	0.99483925	0.5979197	0.52	0.99883205	0.9969175833333334	0.987675808	0.965612979	0.9969175833333334	0.7034875202195741
base_motif_structure_score	LOC_Os01g24540	LOC_Os01g24540.1	56	2601	2800	ACCUUUUGUCCUUGCCAAUGAUGUAACGCAAGUCUUUUUCGUGAAGGACAUGUCUAGCAAAGGAAAGAAGGGCAGAGGGCCUGAUGAGCCUAAGCGUCAAGUGGUUCUCCCAGGCAAAAGAAAAAUCGUCGGAGUUGAGGACAAGACUGACGAGGAUUACGAUCAGUUGGAUGGGCAACCCCCUUUCACGGUGACGAUUG	0.99882895	1.3721563	0.33173782	0.9945715	0.5923394	0.525	0.99882895	0.9902147033333334	0.9829287740000001	0.959680337	0.9902147033333334	0.7071844492917629
base_motif_structure_score	LOC_Os11g36990	LOC_Os11g36990.1	57	2651	2850	ACCUUUUGUCCUUGCCAAUGAUGUAACGCAAGUCUUUUUCGUGAAGGACAUGUCUAGCAAAGGAAAGAAGGGCAGAGGGCCUGAUGAGCCUAAGCGUCAAGUGGUUCUCCCAGGCAAAAGAAAAAUCGUCGGAGUUGAGGACAAGACUGACGAGGAUUACGAUCAGUUGGAUGGGCAACCCCCUUUCACGGUGACGAUUG	0.99882895	1.3721563	0.33173782	0.9945715	0.5923394	0.525	0.99882895	0.9913092366666666	0.983013066	0.9701977019999999	0.9913092366666666	0.7059299002436215
base_motif_structure_score	LOC_Os06g34510	LOC_Os06g34510.1	53	2451	2650	CAAGGUUGGAUACUCGGACGAACCUUUUGUCCUUGCCAAUGAUGUAACGCAAGUCUUUUACGUGAAGGACAUGUCUAGCAAAGGAAAGAAGGGCAGAGGGCCUGACGAGCCGAAGCGUCACGUGGUUCUCCCAGGCAAAAGAAAAAUCGUCGGAGUUGAGGACAAGACUAACGAGGAUUACGAUCAGUUGGAUGGGCAAC	0.99882835	0.51754737	-0.19015446	0.9982135	0.56754464	0.48	0.99882835	0.9891687266666667	0.9833119440000001	0.961722201	0.9891687266666667	0.7110839748918266
base_motif_structure_score	LOC_Os05g18550	LOC_Os05g18550.1	71	3351	3550	UAACAAGGUUGGAUACUCGGACGAACCUUUUGUCCUUGCCAAUGAUGUAACGCAAGUCUUUUUCGUGAAGGACAUGUCUAGCAAAGGAAAGAAGGGCAGAGGGCCUGAUGAGCCUAAGCGUCAAGUGGUUCUCCCAGGCAAAAGAAAAAUCGUCGGAGUUGAGGACAAGACUGAGGAGGAUUACGAUCAGUUGGAUGGGC	0.9988261	1.3721563	0.23112221	0.99482393	0.5414944	0.53	0.9988261	0.9816197400000001	0.9745668720000001	0.9639690310000001	0.977767805	0.6903298499278845
base_motif_structure_score	LOC_Os01g70040	LOC_Os01g70040.1	45	2051	2250	GAUACUCGGACGAACCUUUUGUCCUUGCCAAUGAUGUAACGCAAGUCUUUUACAUGAAGGACAUAUCUAGCAAAGGAAAGAAGGGCAAAGGGCCUGACGAGCCGAAGCGUCACGUGGUUCUCCUAGGCAAAAGAAAAAUCGUCGGAGUUGAGGACAAGACUGACGAGGAUUAUGAUCAGUUGGAUGGGCAACCCCCUUUC	0.9988257	0.51754737	-0.08223006	0.9981104	0.57227063	0.48	0.9988257	0.9934293233333333	0.9819605039999999	0.95262957	0.9934293233333333	0.7226476021971493
base_motif_structure_score	ChrSy.fgenesh.gene.36	ChrSy.fgenesh.mRNA.36	56	2601	2800	AUACUCGGACGAACCUUUUGUCCUUGCCAAUGAUGUAACGCAAGUCUUUUUCGUGAAGGACAUGUCUAGCAAAGGAAAGAAGGGCAGAGGGCCUGAUGAGCCUAAGCGUCAAGUGGUUCUCCCAGGCAAAAGAAAAAUCGUCGGAGUUGAGGACAAGACUGACGAGGAUUACGAUCAGUUGGAUGGGCAACCCCCUUUCA	0.99880946	1.3721563	0.51927114	0.99394256	0.5811411	0.565	0.99880946	0.98455424	0.974178924	0.958360227	0.98455424	0.707164959291763
base_motif_structure_score	LOC_Os04g20080	LOC_Os04g20080.1	62	2901	3100	AUACUCGGACGAACCUUUUGUCCUUGCCAAUGAUGUAACGCAAGUCUUUUUCGUGAAGGACAUGUCUAGCAAAGGAAAGAAGGGCAGAGGGCCUGAUGAGCCUAAGCGUCAAGUGGUUCUCCCAGGCAAAAGAAAAAUCGUCGGAGUUGAGGACAAGACUGACGAGGAUUACGAUCAGUUGGAUGGGCAACCCCCUUUCA	0.99880946	1.3721563	0.51927114	0.99394256	0.5811411	0.565	0.99880946	0.98455424	0.9727886440000001	0.9579904170000001	0.97766048	0.6999454638250042
base_motif_structure_score	LOC_Os06g18780	LOC_Os06g18780.1	136	3501	3700	AUACUCGGACGAACCUUUUGUCCUUGCCAAUGAUGUAACGCAAGUCUUUUUCGUGAAGGACAUGUCUAGCAAAGGAAAGAAGGGCAGAGGGCCUGAUGAGCCUAAGCGUCAAGUGGUUCUCCCAGGCAAAAGAAAAAUCGUCGGAGUUGAGGACAAGACUGACGAGGAUUACGAUCAGUUGGAUGGGCAACCCCCUUUCA	0.99880946	1.3721563	0.51927114	0.99394256	0.5811411	0.565	0.99880946	0.9889435066666667	0.9823860900000001	0.970935935	0.97731373	0.6439078558519737
base_motif_structure_score	LOC_Os01g68680	LOC_Os01g68680.1	68	1	200	AAAAAAAGGAAAAAAAAAAAGAAGGCGAAAAGGCGAUAUCGCCCGAGAGAGUCCAACCCCCUCCCCGACUCGUACGCGAAAGCUCGAGGCCGCGCGGCGCCGUCGCGCGGGUUAGGUUUUUAUUUUUUUUUACUUUUGGUUCUCCGAUCGUCGGAGAAGCUUUCCGGCGAUGCUCUCGGUGCGCUGCGGAGGCGGAGGCG	0.9988059	2.5738268	1.0317445	0.9744066	0.66181046	0.605	0.9988059	0.9983682799999999	0.975746294	0.9027591720000002	0.99171501	0.6933796771610916
base_motif_structure_score	LOC_Os05g14240	LOC_Os05g14240.2	51	451	650	UUCGUCUUCGUCUUCACCGGCGUCGCCGCCACCAUGGCCGCAGGUAAGCCCCGCCGCUCGCCGCCGCUCCCUUCUCCGGUCGAUUAAAUAUUUUCGUUUUUUUUUUGGUUAAAAAAUGGAGUUUAAUUUUGGGUUGGGGUUAGGGGUGCCGGAGGUGGCGGGGGCGGCGAUGCCGAUGGCGGCGCUGGCGGGGGUGGCGA	0.99879634	2.5738268	1.9158483	0.9604341	0.7369697	0.72	0.99879634	0.99847948	0.9980647279999999	0.9934766469999999	0.99847948	0.7137743540929453
base_motif_structure_score	LOC_Os03g44520	LOC_Os03g44520.1	17	601	800	GGAGGAAGAAGCUGCCGGCGAGAAGAAGCAGGCGGAGGAGGAAGCGGUGGUCCCGGAGAAGCAAGAUGUCGCGGCCUGAUUGGUCAAAACGGUGGGGAUCUUGAGAAGAAAUUUUUUUUGAGGGAUCGAUCUGAGGCGUUUCAGAUUGUGAAUUCUUUUCUCUUUUUUUUUCAAGGAUUAAUUAGUUAAACUUUGAUCCA	0.99876714	2.61376	0.9417785	0.9737257	0.649216	0.58	0.99876714	0.99764058	0.978609662	0.9318702910000001	0.99876714	0.7902708899278844
base_motif_structure_score	LOC_Os08g13350	LOC_Os08g13350.2	91	201	400	CUCUUUUUUCGUUUCUUUCUUUUUUUUUUUGUUUUGGAAAAAAGAAGAAGAAGAAGAGAGACUAACUUUGUUGCCUCGUCGGUGCUUGCUUCGCCCGCCAGCCUGAUCUCCGUCGUCCAGCGGCAUCGUCGUCGGUGAGCGAAGGUGCUGAUACAAGGUGUUGUCUGAGUCUGCAAAUAUUGAUGAUGUGCCUAAAAGUU	0.99876523	2.653693	1.5878913	0.9626007	0.71089435	0.715	0.99876523	0.9948910633333333	0.9830686500000001	0.9605074909999999	0.9830686500000001	0.6725871321971493
base_motif_structure_score	LOC_Os09g07340	LOC_Os09g07340.1	57	2651	2850	CAACGUUGGAUACUCAGACGAACCUUUUGUCCUUGCCAAUGAUGUAACGCAAGUCUUUUUCGUGAAGGACAUGUAUAGCAAAGGAAAGAAGGGCAGAGGGCCUGACGAGCCUAAGCGUCACGUGGUUCUCCCAGGCAAAAGAAAAAUCGUCGGAGUUGAGGACAAGACUGACGAGGAUUACGAUCAGUUGGAUGGACAAC	0.99875844	1.3721563	-0.060112346	0.9952651	0.5709369	0.49	0.99875844	0.9895850333333334	0.9773564880000001	0.9557776989999999	0.9895850333333334	0.7058593902436214
base_motif_structure_score	LOC_Os11g10860	LOC_Os11g10860.1	116	2851	3050	AAGGUUGGAUACUCGGACGAACCUUUUGUCCUUGCCAAUGAUGUAACGCAAGUCUUUUUCGUGAAGGACAUGUCUAGCAAAGGAAAGAAGGGCAGAGGGCCUGAUGAGCUUAAGCGUCAAGUGGUUCUCCCAGGCAAAAGAAAAAUCGUCGGAGUUGAGGACAAGACUGACGAGGAUUACGAUCAGUUGGAUGGGCAACC	0.9987459	1.3721563	0.36240718	0.99409926	0.5862612	0.525	0.9987459	0.98614545	0.9775392799999999	0.965372765	0.9742388666666666	0.6552276640208297
base_motif_structure_score	LOC_Os06g20990	LOC_Os06g20990.1	44	1801	2000	GUUGACCUUAACAAGGUUGGAUACUCGGACGAACCUUUUGUCCUUGCCAAUGAUGUAACGCAAGUCUUUUUCGUGAAGGACAUGUCUAGCAAAGGAAAGAAGGGCAGAGGGCCUGACGAGCCUAAGCGUCAAGUGGUUCUCCCAGGCAAAAGAAAAAUCGUCGGAGUUGAGGACAAGACUGACGAGGAUUACGAUCAGUU	0.9987458	1.3721563	0.5671477	0.9934667	0.5930246	0.56	0.9987458	0.98915849	0.9845649	0.9615557029999999	0.98915849	0.7241531451835163
base_motif_structure_score	LOC_Os08g30750	LOC_Os08g30750.1	69	301	500	GUUGACCUUAACAAGGUUGGAUACUCGGACGAACCUUUUGUCCUUGCCAAUGAUGUAACGCAAGUCUUUUUCGUGAAGGACAUGUCUAGCAAAGGAAAGAAGGGCAGAGGGCCUGACGAGCCUAAGCGUCAAGUGGUUCUCCCAGGCAAAAGAAAAAUCGUCGGAGUUGAGGACAAGACUGACGAGGAUUACGAUCAGUU	0.9987458	1.3721563	0.5671477	0.9934667	0.5930246	0.56	0.9987458	0.9862523333333334	0.9741758800000001	0.948221614	0.9798530750000001	0.6922816491527517
base_motif_structure_score	LOC_Os07g46800	LOC_Os07g46800.1	10	351	550	AGAGGAGGAGGAGGAGGAGGACCCGAAGCGCGCGGCGGCGAGGCAGGAGGAGGACCGCAAGUUCUGGGAGGAUUGCCUCGCCUCCGGGUAUCCAUGAACGCGAGCUCGACGAAGAAGACGACGACGACGAGCUUGUGAUCGAUGAACACAAACUCACAAAACGUAUGGGUUUUUUUCUUUUUUUUUCUUUUUCGAAUUAU	0.99874485	2.61376	1.0117154	0.97233814	0.6296759	0.595	0.99874485	0.9944102166666666	0.9454697619999999	0.8796050090000002	0.99874485	0.8257732690681352
base_motif_structure_score	LOC_Os06g40410	LOC_Os06g40410.1	57	2751	2950	AGUUGACCUUAACAAGGUUGGAUACUCGGACGAACCUUUUGUCCUUGCCAAUGAUGUAACCCAAGUUUUUUACGUCAAGGACAUGUCUAGCAAAGGAAAAAAGGGCAAAGGGCCUGACGAGCCGAAGCGCCACGUGGUUCUCCCAGGAAAAAGAAAAAUCGUCGGAGUAGAGGACAAGACUGACGAGGAUUACGAUCAGU	0.9987367	1.04635	0.42867148	0.9955575	0.58647096	0.545	0.9987367	0.9971013333333333	0.99172715	0.9763116869999999	0.9971013333333333	0.7058376502436214
base_motif_structure_score	LOC_Os02g47640	LOC_Os02g47640.1	48	551	750	GAGGUGUCUCCUGCCAUUUUUUUUUAGAGUAGAUUCGUCAGUAAUGGCGGAUCUUGCCAUGGAGUAGUAGUAGUAGUAGUAGUAGUAGUAGUAGCAGGGGGUUCCUUCGGUGAUAGCGAAGGGUGCUUAGCCAUUAAGCGGCGGCGAUGUCUCUGAAGAGCAUUGUGCGGGAGCUGAGGGAGAUGAGGGACGGCAUCGGC	0.99873203	2.5738268	1.3292041	0.968648	0.6763786	0.645	0.99873203	0.98735689	0.9786472740000001	0.957996573	0.98735689	0.7179965377942396
base_motif_structure_score	LOC_Os03g43290	LOC_Os03g43290.1	63	2951	3150	GAUACUCGGACGAACCUUUUGUCCUUGCCAAUGAUGUAACGCAAGUUUUUUACGUGAAGGACAUGUCUAGCAAAGGAAAGAAGGGCAAAGGGCCUGACGAGCCGAAGCGCCACGUGGUUCUCCCAGGCAAAAGAAAAAUCGUCGGAGUAGAGGACAAGACUGACGAGGAUUACGAUCAGUUUGAUGGGCAACCCCCUUUC	0.99873096	1.04635	0.78961647	0.99465925	0.6130218	0.6	0.99873096	0.9959192866666666	0.9927777319999999	0.9774547960000002	0.9939574149999999	0.6987309599999999
base_motif_structure_score	LOC_Os09g13350	LOC_Os09g13350.1	61	2901	3100	UUUUGUCCUUGCCAAUGAUGUAACGCAAGUCUUUUUCGUGAAGGACAUGUCUAGCAAAGGAAAGAAGGGUAGAGGGCCUGAUAAGCCUAAGCGUCAAGUGGUUCUCCCAGGCAAAAGAAAAAUCGUCGGAGUUGAGGACAAGACUGACGAGGAUUACGAUCAGUUGGAUGGGCAACCCACUUUCACGGUGACGAUUGACC	0.99872774	1.3721563	-0.5062161	0.99611473	0.5607182	0.385	0.99872774	0.9936045333333333	0.9859938319999999	0.964964307	0.9911967899999999	0.7010179244806563
base_motif_structure_score	LOC_Os06g08740	LOC_Os06g08740.2	113	451	650	GCGUCGGAUUCGUAAUGCUUGGCGGCGAGACGGCGCGUUUUGGUGCUGGAUUGUUUGAGGGAGGGGAAUCCUUUCUUCCCUGGCGUGUUUUUGACGCGUUUGAUCCGAAAAUACUGUAUAUAUGUGGACUCGAGAUGGAUGGAAUAGAGGGGUAUAGGUGGAUGGAAUAGAAUAGUACAGUUUUUUUUUUGGAGUGAUUU	0.99871635	2.5738268	0.14605449	0.9821879	0.5975386	0.5	0.99871635	0.9970524933333333	0.9909810880000001	0.9788601470000001	0.98784324	0.6570718492917629
base_motif_structure_score	LOC_Os05g40190	LOC_Os05g40190.1	25	551	750	CAAUGAGGAGAUUGAUAAGCUUGUUGGAGGCAACCAUGAAGAUCUUCAGGAAAAGUUCGAACAGCUUAACCGGCCAAAGUUAUAUGAUGAUGUAUAAGCAUUUUUUUUUGGUUUGCUGUCUAAUUAAGAAAUUGGUGAGCCAAAUCAGUAGAAUGAGCUCUCUGUCGAAUCAAAGUACUGGAUUGGCUGAAGAAACAGUU	0.99871576	2.5738268	0.485572	0.9789523	0.60589457	0.57	0.99871576	0.9942367966666666	0.989464978	0.9738622400000001	0.9975356449999999	0.7636937740929454
base_motif_structure_score	LOC_Os03g20810	LOC_Os03g20810.1	60	2851	3050	UCGGACGAACCUUUUGUCCUUGCCAAUGAUGUAACGCAAGUCUUUUUCGUGAAGGACAUGUCUAGCAAAGGAAAGAAGGGCAGAGGGCCUGAUGAGCCUAAGCGUCAAGUGGUUCUCCCAGGCAAAAGAAAAAUCGUCGGAGUUGAGGACAAGACUGACGAGGAUUACGAUCAGUUGGAUGGGCAACCCCCUUUCACGGU	0.9987067	1.3721563	-0.21830945	0.99544203	0.5636644	0.465	0.9987067	0.9888415533333332	0.9815159	0.9672568399999999	0.9888415533333332	0.7021698331218555
base_motif_structure_score	LOC_Os03g27870	LOC_Os03g27870.1	51	2401	2600	UCGGACGAACCUUUUGUCCUUGCCAAUGAUGUAACGCAAGUCUUUUUCGUGAAGGACAUGUCUAGCAAAGGAAAGAAGGGCAGAGGGCCUGAUGAGCCUAAGCGUCAAGUGGUUCUCCCAGGCAAAAGAAAAAUCGUCGGAGUUGAGGACAAGACUGACGAGGAUUACGAUCAGUUGGAUGGGCAACCCCCUUUCACGGU	0.9987067	1.3721563	-0.21830945	0.99544203	0.5636644	0.465	0.9987067	0.9924973066666666	0.986767364	0.9723647029999999	0.9924973066666666	0.7136847140929454
base_motif_structure_score	LOC_Os04g26300	LOC_Os04g26300.1	55	2551	2750	UCGGACGAACCUUUUGUCCUUGCCAAUGAUGUAACGCAAGUCUUUUUCGUGAAGGACAUGUCUAGCAAAGGAAAGAAGGGCAGAGGGCCUGAUGAGCCUAAGCGUCAAGUGGUUCUCCCAGGCAAAAGAAAAAUCGUCGGAGUUGAGGACAAGACUGACGAGGAUUACGAUCAGUUGGAUGGGCAACCCCCUUUCACGGU	0.9987067	1.3721563	-0.21830945	0.99544203	0.5636644	0.465	0.9987067	0.9869510933333334	0.978175616	0.962803721	0.9869510933333334	0.7083389538971198
base_motif_structure_score	LOC_Os05g10390	LOC_Os05g10390.1	60	2851	3050	UCGGACGAACCUUUUGUCCUUGCCAAUGAUGUAACGCAAGUCUUUUUCGUGAAGGACAUGUCUAGCAAAGGAAAGAAGGGCAGAGGGCCUGAUGAGCCUAAGCGUCAAGUGGUUCUCCCAGGCAAAAGAAAAAUCGUCGGAGUUGAGGACAAGACUGACGAGGAUUACGAUCAGUUGGAUGGGCAACCCCCUUUCACGGU	0.9987067	1.3721563	-0.21830945	0.99544203	0.5636644	0.465	0.9987067	0.99062268	0.9847419859999998	0.9697587630000001	0.99062268	0.7021698331218555
base_motif_structure_score	LOC_Os02g35860	LOC_Os02g35860.1	60	101	300	CCGCCGGGCCGCGCGCCGCCGCCGAUUCCCCGGCGGAUUCGAGAGACUCGUCCGCCGAUCAGAGGAGAGGAGAGGAGGCACCCGCCUCCAGGAGUAGAGGAGGAGGAGGAGGCGGCGUGAAUUUGUUUUUUUUUUCUUUUUUGGUGUGUGUGGGUGUGUGAAUUGCGGUUCGUGUGGUUCGUGUCUAGUGGGUGAGGCAC	0.9986999	2.61376	1.5502816	0.9628562	0.6936209	0.68	0.9986999	0.9980901333333333	0.9938831799999999	0.97690024	0.9980901333333333	0.7021630331218556
base_motif_structure_score	LOC_Os12g11580	LOC_Os12g11580.1	46	2051	2250	UGGGAUGACAACGGUUGACCUUAACAAGGUUGGAUACUCGGACGAACCUUUUGUCCUUGCCAAUGAUGUAACACAAGUUUUUUACGUGAAGGACAUGUCUAGCAAAGGAAAGAAGGGCAAAGGGCCUGACGAGCCGAAGCGCCAUGUGGUUCUCCCAGGCAAAAGAAAAAUCGUCGGAGUAGAGGACAAGACUGACGAGG	0.9986987	1.04635	-0.07507969	0.9964395	0.5590336	0.5	0.9986987	0.9962934333333333	0.9874021	0.9578006099999999	0.9962934333333333	0.7209692574161182
base_motif_structure_score	LOC_Os02g30300	LOC_Os02g30300.1	26	201	400	CAAGUUUUUUUUUUCUCUCUCUCUUUGUCGCCGUUAGCUUGAGGCGGCGAGGAGCUCGACGACGUGGAGGACAUGGUGGCGAAGCGCGGCGCCGGCGCUUGUGCCCUCUCCUGGGAUGAGGAGGGCGAGGUGUCCCGCGGCGAGAAGAGGAGGAGGGCGGAUGGGGAUGGCUCGUCGGACGUUGGCGGCGGCGGCGGCAU	0.99869764	2.5738268	1.4529022	0.96584207	0.6948811	0.67	0.99869764	0.9955995666666667	0.9800753999999999	0.930322171	0.997933835	0.7609532648918267
base_motif_structure_score	LOC_Os02g35870	LOC_Os02g35870.1	87	201	400	UUGUUGGUGGUCAGGGUUUUUUUUUUUUUUUGGUUCCGACGAUUUGGAGGCGGCCAAGAUCCCGGGGGGGGGGGGGGGGGGCGCUGGAGCUCGGCUGGCGGCGAUGAUGAUGAAGGGGAAGGGCGGCGCGGUGGACAGGCGGUCCUCCGCGCGGUGGAGGAUGCUGCUGCUCUGCGCAUUCUGCUUCGGCCUCGGCAUGC	0.99869186	2.5738268	0.933558	0.97333086	0.6447173	0.59	0.99869186	0.9985927066666666	0.997625912	0.995066654	0.997625912	0.6757202790681351
base_motif_structure_score	LOC_Os02g55940	LOC_Os02g55940.1	35	1451	1650	CUCUCCCUCCCUGCGGCCUUGAACUGCAUGGCCAGCAAGGUUGAUGAUCGAAAAUACAGACGCUCUGCUCGAAAUGGGUUUGAUCCAUUCUCUCAGUGUUGCUCGAAAUGGGUUCGAUCCAGUCUCUCAGUGCUGUAUCUUUUGUAGUAAUAACAACGGAUUGUUAAUCCCCUUCUCAUUUUCCUUUUUGGUAGCAAUGU	0.9986915	1.3165631	0.27085784	0.9944343	0.59262013	0.53	0.9986915	0.9715481666666667	0.9557090300000001	0.924435838	0.9786785	0.7401952499278843
base_motif_structure_score	LOC_Os08g29180	LOC_Os08g29180.1	121	2851	3050	GUUGACCUUAACAAGGUUGGAUACUCGGACGAACCUUUUGUCCUUGCCAAUGAUGUAACGCAAGUCUUUUUCGUGAAGGACAUGUCUAGCAAAGGAAAGAAGGGCAGAGGGCCUGAUGAGCCUAAGCGUCAAGUGGUUCUCCUAGGCAAAAGAAAAAUCGUCGGAGUUGAGGAUAAGACUGACGAGGAUUACGAUCAGUU	0.9986842	1.3721563	0.5545829	0.9931902	0.5885303	0.555	0.9986842	0.9834263666666666	0.9777818399999999	0.9674565769999999	0.9730279628571428	0.6521473331218557
base_motif_structure_score	LOC_Os07g11830	LOC_Os07g11830.1	31	1251	1450	GGUCCCUCUGUUUCGGUGCCAAUGGGUUAGGUUGACUGGUGGAGGCGUAACUAUUGAUGACAGUGGGAUGACAACGGUUGACCUUAACAAGGUUGGAUACUCGGACGAACCUUUUGUCCUUGCCAAUGAUGUAACGCAAGUUUUUUACGUCAAGGACAUGUCUAGCAAAGGAAAAAAGGGCAAAGGGCCUAACGAGCCGA	0.9986809	1.04635	0.48394212	0.99523276	0.6370972	0.53	0.9986809	0.9964928333333333	0.9901318199999999	0.965260215	0.9973088999999999	0.7486809
base_motif_structure_score	LOC_Os11g31160	LOC_Os11g31160.1	26	1051	1250	AUGACAACGGUUGACCUUAACAAGGUUGGAUACUCGGACGAACCUUUUGUCCUUGCCAAUGAUGUAACGCAAGUCUUUUUCGUGAAGGACAUGUCUAGCAAAGGAAAGAAGGGAAGAGGGCUUGACGAGCCUAAGCGUCACGUGGUUCUCCUACGCAAAAGAAAAAUCGUCGAAGUUGAGGACAAGACUGACGAGGAUUA	0.99866927	1.3721563	0.0877491	0.9945391	0.5727708	0.51	0.99866927	0.9962412566666666	0.9799318539999999	0.9351672950000001	0.997618435	0.7609248948918266
base_motif_structure_score	LOC_Os09g37210	LOC_Os09g37210.1	61	2851	3050	GACGAACCUUUUGUCCUUGCCAAUGAUGUAACGCAAGUCUUUUUCAUGAAGGACAUGUCUAGCAAAGGAAAGAAGGGCAGAGGGCCUGAUGAGCCUAAGCGUCAAGUGGUUCUCCCAGGCAAAAGAAAAAUCGUCGGAGUUGAGGACAAGACUGACGAGGAUUACGAUCAGUUGGAUGGGCAACCCCCUUUCACGGUGAC	0.9986663	1.258543	0.14331362	0.99497485	0.56446165	0.52	0.9986663	0.99182368	0.984013182	0.967571178	0.987103335	0.7009564844806562
base_motif_structure_score	LOC_Os05g33340	LOC_Os05g33340.1	163	5751	5950	UUUUGUCCUUGCCAAUGAUGUAACGCAAGUCUUUUUCGUGAAGGACAUGUCUAGCAAAGGAAAGAAGGGCAGAGGGCCUAAUGAGCCUAAGCGUCAAGUGGUUCUCCCAGGCAAAAGAAAAAUCGUCGGAGCUGAGGACAAGACUGACGAGGAUUACGAUCAGUUGGAUAGGCAACCCCCUUUCACGGUGACGAUUGACC	0.99866605	1.3721563	-0.2265414	0.99531835	0.5550674	0.475	0.99866605	0.9922183833333333	0.98813709	0.9783021779999999	0.9803496533333332	0.6307884497690958
base_motif_structure_score	LOC_Os05g40280	LOC_Os05g40280.1	35	1	200	CCUUUCUCUUAGUAUUUUUUUUUCUCUCGGAGAGGAGAAGAGAGAGACCCAUUUCCUCCUCGCGUAGUCGCGUGCAGGGGAGAAGAAGGGUUUCGGCGGAGGGAGGAGGAGCCAUGGCGGCGGAGGCCGGCAGCGCGGCCGCCGGCGCCGCCUACGAGGAGGAGCGCCGGAAGCGGGUCCUCGAGAACCUCAAGCACCUC	0.9986527	2.5738268	1.4441248	0.96485174	0.70285547	0.655	0.9986527	0.98345232	0.968270942	0.9280246440000001	0.9891738	0.7401564499278843
base_motif_structure_score	LOC_Os12g18020	LOC_Os12g18020.1	58	2651	2850	GCCAAUGGGUUAGGUUGACUGGUAGAGGCGUAAUGUUUGAUGACAGUGGGAUGACAACGGUUGACCUUAACAAGGUUGGAUACUCGGACGAACCUUUUGUCCUUGCCAAUGAUGUAACGCAAGUCUUUUUCGUGAAGGACAGGUCUAGCAAAGGAAAGAAGGGCAGAGGGCCUUACGAGCCUAAGCGUCACGUGGUUCGC	0.99864334	1.3721563	0.30612376	0.9937948	0.5824922	0.555	0.99864334	0.9961258466666667	0.988859118	0.9745775649999999	0.9961258466666667	0.7045111875319079
base_motif_structure_score	LOC_Os03g54030	LOC_Os03g54030.1	65	2951	3150	ACGAACCUUUUGUCCUUGCCAAUGAUGUAACGCAAGUCUUUUUCGUGAAGGACAUGUCUAGCAAAGGAAAGAAGGGCAGAGGGCCUGACGAGCCUAAGCGUCACGUGGUUCUCCCAGGCAAAAGAAAAAUCGUCGGAGUUGAGGACAAGACUGAUGAGGAUUACGAUCAGUUGGAUGGGCAACCCCCUUUCACGGUGACG	0.99864167	1.3721563	0.3981899	0.99349666	0.58539546	0.545	0.99864167	0.9938632900000001	0.9910459039999999	0.9724797040000001	0.99249493	0.6964219640320773
base_motif_structure_score	LOC_Os06g22580	LOC_Os06g22580.1	18	801	1000	GGCUUGUCAUGGAUCAAUUCAAGUUCCUCCUUAUAAGCUUGUUUAUGGACAUGAAGCUGUUUUGCCAUGGGAAGUUAGAAUCGGCUCUAGAAGGAUAGAAUUGCAAGACGGUUUGACAGCCGAUGAGUAUUAUAACCUUAUGGCCGAUAAGAGGGAGGACUUGGUUCAAUCGCGUUUACGAGCCCUUGCUAAGGUUACCA	0.9986381	0.22139302	0.8441188	0.99741155	0.6322582	0.59	0.9986381	0.9932691	0.9852321679999999	0.935642534	0.9986381	0.7862417243278207
base_motif_structure_score	LOC_Os12g41040	LOC_Os12g41040.1	138	3001	3200	GACCUUAACAAGGUUGGAUACUCGGACGAACCUUUUGUCCUUGCCAAUGAUGUAACGCAAGUCUUUUUCGUGAAGGACAUGUCUAGCAAAGGAAAGAAGGGCAGAGGGCCUGAUGAGCCUAAGCGUCAAGUGGUUUUCCCAGGCAAAAGAAAAAUCGUCGGAGUUGAGGACAAGACUGACGAGGAUUACGAUCAGUUGGA	0.9986284	1.3721563	0.49642804	0.9931049	0.579142	0.56	0.9986284	0.9893922333333333	0.9833818799999999	0.974418573	0.9787722999999999	0.6426813463638246
base_motif_structure_score	LOC_Os05g30380	LOC_Os05g30380.1	85	2951	3150	ACGAACCUUUUGUCCUUGCCAAUGAUGUAACACAAGUCUUUUUCGUGAAGGACAUGUCUAGCAAAGGAAAGAAGGGCAGAGGGCCUGACGAGCCUAAGCGUCAAGUGGUUCUCCCAGGCAAAAGAAAAAUCGUCGGAGUUGAGAACAAGACUGACGAGGAUUACGAUCAGUUGGAUGGGCAACCCCCUUUCACGGUGACG	0.99861383	1.3721563	0.50275344	0.9930101	0.57933444	0.56	0.99861383	0.9888356566666666	0.9827842459999999	0.967149458	0.9827842459999999	0.6773005922648951
base_motif_structure_score	LOC_Os11g10450	LOC_Os11g10450.1	35	1451	1650	UUAGGUUGACUGGUGGAGGCGUAAUGAUUGAUGACAGUGGGAUGACAACGGUUGACCUUAACAAGGUUGGAUACUCGGACGAACCUUUUGUCCUUGCCAAUGAUGUAACGCAAGUCUUUUACGUGAAGGACAUGUCUAGCAAAGGAAAGAAGGGCAAAGGGCCUGACGAGCCGAAGCGUUACGUGGUUCUCCAAGGCAAA	0.99861264	0.51754737	0.2619478	0.99734974	0.59224844	0.53	0.99861264	0.9895385500000001	0.9786748000000001	0.9577962400000001	0.9985600400000001	0.7401163899278844
base_motif_structure_score	LOC_Os01g25710	LOC_Os01g25710.1	118	5701	5900	AAGGUUGGAUACUCGGACGAACCUUUUGUCCUUGCCAAUGAUGUAACGCAAGUCUUUUUCGUGAAGGACAUGUCUAGCAAAGGAAAGAAGGGCAGAGGGCCUGAUGAGCCUAAGCGUCAAGUGGUUCUCCCAGGCAAAAGAAAAAUCGUCGGAGUUGAGGACAAGACUGACGAGGAUUACGAUCAGUUGGAUGGGCAACC	0.99861205	1.3721563	0.3002865	0.99367106	0.5818008	0.51	0.99861205	0.98807502	0.98443209	0.974887568	0.9821810833333333	0.6538711618346027
base_motif_structure_score	LOC_Os02g34000	LOC_Os02g34000.1	61	2851	3050	AAGGUUGGAUACUCGGACGAACCUUUUGUCCUUGCCAAUGAUGUAACGCAAGUCUUUUUCGUGAAGGACAUGUCUAGCAAAGGAAAGAAGGGCAGAGGGCCUGAUGAGCCUAAGCGUCAAGUGGUUCUCCCAGGCAAAAGAAAAAUCGUCGGAGUUGAGGACAAGACUGACGAGGAUUACGAUCAGUUGGAUGGGCAACC	0.99861205	1.3721563	0.3002865	0.99367106	0.5818008	0.51	0.99861205	0.9865888733333333	0.979719634	0.9691575910000001	0.9826731675	0.7009022344806561
base_motif_structure_score	LOC_Os05g35890	LOC_Os05g35890.1	61	2851	3050	AAGGUUGGAUACUCGGACGAACCUUUUGUCCUUGCCAAUGAUGUAACGCAAGUCUUUUUCGUGAAGGACAUGUCUAGCAAAGGAAAGAAGGGCAGAGGGCCUGAUGAGCCUAAGCGUCAAGUGGUUCUCCCAGGCAAAAGAAAAAUCGUCGGAGUUGAGGACAAGACUGACGAGGAUUACGAUCAGUUGGAUGGGCAACC	0.99861205	1.3721563	0.3002865	0.99367106	0.5818008	0.51	0.99861205	0.98804947	0.9821097520000001	0.968841086	0.9849056775	0.7009022344806561
base_motif_structure_score	LOC_Os07g46110	LOC_Os07g46110.1	59	2701	2900	AUGACAACUGUUGACCUUAACAAGGUUGGAUACUCGGACGAACCUUUUGUCCUUGCCAAUGAUGUAACGCAAGUUUUUUUCGUGAAGGACAUGUCUAGCAAAGGAAAGAAGGGCAGAGGGCCUGAUGAGCCUAAGCGUCAAGUGGUUCUCCCAGGCAAAAGAAAAAUCGUCGGAGUUGAGGACAAGACUGACGAGGAUUA	0.998609	2.0689578	-0.36173058	0.9908811	0.55185884	0.455	0.998609	0.9966951866666666	0.9897876919999999	0.9737205259999999	0.9966951866666666	0.7032644702195741
base_motif_structure_score	LOC_Os08g39140	LOC_Os08g39140.3	200	3201	3400	GCGGAGGCCGACACCGACAUGCCGCCGCUCGAGGACGACGCCGGCGAGAGCAAGAUGGAGGAGGUCGACUAAGCGGGUUUCCUUUUUUUUCCCCUCGUCAAAUCCUUCGCAGCGAAAGUACACCAUGGAGCAUUGGAGCUAGCUUAUCUGUUUUACCUUUUGAACAUCGCGUUGUUGGGUCGGUUCGGUUUAUUUUGUGC	0.99860793	2.61376	0.3861756	0.9774391	0.6075079	0.545	0.99860793	0.99837221	0.99826284	0.9979922	0.9979922	0.6160553454410536
base_motif_structure_score	LOC_Os02g50060	LOC_Os02g50060.1	19	701	900	CAUUCUAAUUGCUUCGAUCUAUUAGCCUCACCCAACUAAGUUUGUGUGGCGUUUUUAGUGGUCAGAUUGAAACUAGUUGGGACUUUUUUGGUAGUUCGUGUGGCGUUUUUAGUGGUCAGAUCGAAACUACUUGGGACUUUUUUUUGGUGAAAGCAUAGUUAAUUUGACGAAUACUGAUAUGGAUGAGUCCAAAUGUAUUG	0.9986029	2.653693	0.7245714	0.9722405	0.6152248	0.62	0.9986029	0.9930338499999999	0.9867349219999999	0.956666053	0.9986029	0.7825064952556318
base_motif_structure_score	LOC_Os11g05890	LOC_Os11g05890.1	63	2951	3150	GAUACUCGGACGAACCUUUUGUCCUUGCCAAUGAUGUAACGCAAGUCUUUUUCGUGAAGGACAUGUCUAGCAAAGGAAAGAAGGGCAGAGGGCCUGAUGAGCCUAAGCGUCAAGUGGUUCUCCUAGGCAAAAGAAAAAUCGUCGGAGUUGAGGACAAGACUGACGAGGAUUACGAUCAGUUGGAUGGGCAACCCCCUUUC	0.9985942	1.3721563	0.42116416	0.9931932	0.57837903	0.535	0.9985942	0.9897374766666666	0.9761238859999999	0.9589321679999999	0.9813132324999999	0.6985941999999999
base_motif_structure_score	LOC_Os07g42400	LOC_Os07g42400.2	126	201	400	UUGGGGAGGGUUUUUUUUUUCUUUUUGGUGUUGUUUUUGGAUGCGAGUGUGGCUUGGCAGGGUUGGUGGUGGUGAUGCCAUGAUGCACAUGCUGGUGGCCCCCGAUGGAGGCGGCGGAGGGGAGAUGCCGCCGCCGUACGGGGGAGCCGCGGCGGCGCCGCCGCCGCCGAUGGAGCAGGAGCUGGAGCUCCACCGCGACA	0.9985898	2.5738268	1.4914379	0.962425	0.70007414	0.665	0.9985898	0.9983890666666667	0.99611754	0.973371674	0.9928072071428572	0.6491555656613917
base_motif_structure_score	LOC_Os04g36550	LOC_Os04g36550.1	56	2601	2800	AUACUCGGACGAACCUUUUGUCCUUGCCAAUGAUGUAACGCAAGUCUUUUUCGUGAAGGACAUGUCUAGCAAAGGAAAGAAGGGCAGAGGGCCUGACGAGCCUAAGCGUCACGUGGUUCUCCCAGGCAAAAGAAAAAUCAUCGGAGUUGAGGACAAGACUGACGAGGAUUACGAUCAGUUGGAUGGGCAACCCCCUUUCA	0.9985896	1.3721563	0.3691777	0.993345	0.5753139	0.545	0.9985896	0.9899125999999999	0.9790276600000001	0.9601672090000001	0.9899125999999999	0.706945099291763
base_motif_structure_score	LOC_Os09g37000	LOC_Os09g37000.2	69	1	200	GGAGAGAGAGAGUAACUGAGUUUUUUUUUUUGUUUGGUUUGGUUUGUUUGGGUUUGCGCGGCGGUGCGUGCAGAUCUGAAGGAGAUCGCGUCGGUGAUCGAGGCCGGGUCGCUGACCAAGGAGGUUCGCCGGAUCUCCCGCGCCGUGCGCCUCACCGUCGCGCUCCGCCGCCGCCUCGCCGCCCGUGACGUCGCCGCCUU	0.9985896	2.5738268	1.5143563	0.96199983	0.7108763	0.67	0.9985896	0.9846382666666665	0.9797162079999999	0.9650101259999999	0.9821510849999999	0.6921254491527516
base_motif_structure_score	LOC_Os11g13740	LOC_Os11g13740.1	63	3001	3200	UUUGUCCUUGCCAAUGAUGUAACGCAAGUCUUUUUCGUGAAGGACAUGUCUAGCAAAGGAAAGAAGGGCAGAGGGCCUGAUGAGCCUAAGCGUCAAGUGGUUCUCCCAGGCAAAAGAAAAAUCGUCGGAGUUGAGGACAAGACUGACGAGGAUUACGAUCAGUUGGAUGGGCAACCCCCUUUCACGGUGACGAUUGACCC	0.9985884	1.3721563	0.24675183	0.9937325	0.58111674	0.54	0.9985884	0.9947241	0.991817328	0.9775309140000001	0.99305666	0.6985884
base_motif_structure_score	LOC_Os06g38990	LOC_Os06g38990.1	72	151	350	UCUCUCUCAUGUCGUGAGGUGUAGAUUAGGGGGGAGAUUUGUUCUUCUUUUUUGGUCUGGUUUUUUUUGUGGUUUCUUGAUCGUUUUGGGGGGUAAUGGCGCACCGGGGCGACCGGUUCUUGGUGGUGGUGGUGGUGGUGGUGGUGUUGGGGGUGGUGGUGCGGCCGGCGGCGGCGCUGUCCGCGGACGGGAAGGCGCUG	0.99858296	2.61376	0.98936546	0.96921176	0.657132	0.62	0.99858296	0.9948754699999999	0.9774008259999999	0.955561127	0.9843189399999999	0.689091732055999
base_motif_structure_score	LOC_Os05g11950	LOC_Os05g11950.1	55	1101	1300	UCACCGAGGCGCCCUACCGCUUCAUCGCCAACACCUGGAUCAGGGGCCCCUACGCCCACCCUCCCCUCGCCAGCGUUGUCCGCGACGACAUGGUCUAUUAGAUUACAGGUGAUGAUGACCUCCAUGUUUUUUUUUCAAUUUUUGGAUCACCAGAGAUGAAGAAGAAGGAUAUGGCGUAUGGACUUGCCUUGAGUCGAGUU	0.9985815	2.5738268	1.0453163	0.9695366	0.6573078	0.64	0.9985815	0.9976401633333333	0.99566745	0.9826569729999999	0.9976401633333333	0.7082137538971198
base_motif_structure_score	LOC_Os01g43895	LOC_Os01g43895.1	12	401	600	CUCUCUUCUGCCUUCGGUGGCGGUGGUGGCGUCGGGUGGAUCCGGCGGCAGCGGUGGCGGCGGCGAGUGGAUCCGGAGGCGGUGGCGGCGGCUGAGGGCGAUCCAACGGCAGUCGGCGACGGCCGCUGGUGGAUACGGCGGCGGCCGAGGGCAGAUCCGGUCGCCUUUUUUUUCGCCCGAGUUUGUUUCUUUUUCAUGGA	0.9985807	2.61376	1.1299963	0.9669917	0.65532196	0.635	0.9985807	0.9958886833333334	0.9900492380000001	0.939685835	0.9985807	0.8135587140929453
base_motif_structure_score	LOC_Os05g27600	LOC_Os05g27600.1	40	1851	2050	UUUUGUCCUUGCCAAUGAUGUAACGCAAGUCUUUUUCGUGAAGGACAUGUCUAGCAAAGGAAAGAAGGGCAGAGGGCCUGAUGAGCCUAAGCGUCAAGUGGUUCUCCCAGGCAAAAGAAAAAUCGUCGGAGUUGAGGACAAGACUGACGAGGAUUACGAUCAGUUGGAUGGGCAACCCCCUUUCACGGUGACGAUUGACC	0.9985796	1.3721563	-0.06281596	0.99459296	0.5818576	0.49	0.9985796	0.9954272233333333	0.9847074339999999	0.958602069	0.997502465	0.7307019997690958
base_motif_structure_score	LOC_Os03g20420	LOC_Os03g20420.3	168	2851	3050	UAUCAUGUAUUCACCGUCUCCGGGCCUAUGAGCAUUGUCUCAUUGCGUGAAUUGCUGAGAAACAACUUUAAUAUACCUGUAACAUCACGCUCAAGCAUCCGUUGUAGUCUAGCUGGUUAGGAUACUCGGCUCUCACCCGAGAGACCCGGGUUCGAGUCCCGGCAACGGAAUCUUUUUGUUGCCCUGUCUUUUUAAGAAUG	0.99857867	1.2835785	-0.6574836	0.9963154	0.5367336	0.405	0.99857867	0.9983137833333333	0.99822601	0.996976381	0.9973711122222222	0.6285346981858908
base_motif_structure_score	LOC_Os02g36505	LOC_Os02g36505.1	11	301	500	GUGGGAGCGGCGGGAGGGCGCGGAAGAUGGACAUCACCGAUGCCGGCGUGGACGGCGUGGAGCGCGAUGACGGGGUCGUCGGGUGGGGCCGGAAGUGGAGAGGAAGGGAAGCGGAGGCCGCGGCGCAACGAGUUGAUUUUUCUUUUUGAUUGGCGCAAAGAACAAUCUUGAGGUUGCUAGCCUUUUUUUUCAUUUUCUUU	0.998572	2.61376	0.9820187	0.9690908	0.64139724	0.62	0.998572	0.9946924999999999	0.9843479499999999	0.9178644890000001	0.998572	0.8193238749639422
base_motif_structure_score	LOC_Os05g46560	LOC_Os05g46560.2	79	1701	1900	CUAGAUGAGAACGACCCUGAGGGGGAGGCUGAAGAUGAUGAGGAAGAGGAAGAGGAGGAAGAGGAUGACGGUGAGCUGGACUCGAAGCUUCAGAGCCUGAAGGUUGAGCAGGACGAUUAGUCAUGUUUAGGUUAAACUUGAACUAUCUUUUUUCUUUCUUGAAUUAGCUUCAAAACGUUUUGCUGCCAGGUUGUACUUUC	0.99856734	2.1940656	1.3040029	0.9758907	0.68929094	0.625	0.99856734	0.9982260633333334	0.991505538	0.9666995289999999	0.9969049225000001	0.6824709352556318
base_motif_structure_score	LOC_Os08g04860	LOC_Os08g04860.1	61	2951	3150	UUGGAUACUCGGACGAACCUUUUGUCCUUGCCAAUGAUGUAACGCAAGUCUUUUUCGUGAAGGACAUGUCUAGCAAAGGAAAGAAGGGCAGAGGGCCUGAUGAGCCUAAGCGUCAAGUGGUUCUCCCAGGCAAAAGAAAAAUCGUCGGAGUUGAGGACAAGACUGACGAGGAUUACGAUCAGUUGGAUGGGCAACCCCCU	0.99856514	1.3721563	0.43645903	0.99300003	0.57643557	0.545	0.99856514	0.9912100133333333	0.98300232	0.966152489	0.9876738999999999	0.7008553244806561
base_motif_structure_score	LOC_Os12g30630	LOC_Os12g30630.1	134	3401	3600	UUGGAUACUCGGACGAACCUUUUGUCCUUGCCAAUGAUGUAACGCAAGUCUUUUUCGUGAAGGACAUGUCUAGCAAAGGAAAGAAGGGCAGAGGGCCUGAUGAGCCUAAGCGUCAAGUGGUUCUCCCAGGCAAAAGAAAAAUCGUCGGAGUUGAGGACAAGACUGACGAGGAUUACGAUCAGUUGGAUGGGCAACCCCCU	0.99856514	1.3721563	0.43645903	0.99300003	0.57643557	0.545	0.99856514	0.9890127666666667	0.9790177200000001	0.966916812	0.9731707614285715	0.6447243601474584
base_motif_structure_score	LOC_Os11g35756	LOC_Os11g35756.1	54	2451	2650	GGUUGACCUUAACAAGGUUGGAUACUCAGACGAACCUUUUGUCCUUGCCAAUGAUGUAACGCAAGUUUUUUACGUGAAGGACAUGUCUAGCAAAGGAAAGAAGGGCAAAGGGCCUGACGAGCCGAAGCGCCACGUGGUUCUCCCAGGCAAAAGAAAAAUCGUCGGAGUAGAUGACAAGACUGACGAGGAUUACGAUCAGU	0.99856395	1.04635	0.562855	0.9946036	0.5990108	0.555	0.99856395	0.98810057	0.977723822	0.9616969469999999	0.98810057	0.709495964323767
base_motif_structure_score	LOC_Os03g16980	LOC_Os03g16980.2	167	501	700	UUUUUUUUUGAUCCAUCUCCGUGGUGGUGGAUCGCGAUCGCGUGUGUGGGGUUGAGGGGGGUUUCGAUUUUGUGGUUUGGGUGGUGUUGGUUUUUUUUUUUUUUUUGGGUGGGGGGGGGGGAAUUGUGACGAUCUGAGUGUUGGUGACGGUGGAUCUGUGGCGUUUUUGUGCGUACCAGGUGCUCGACGGGAUGGCGCAG	0.99856347	2.5738268	0.73335457	0.9734953	0.6335243	0.605	0.99856347	0.9982104500000001	0.9981398460000002	0.9976980369999999	0.9977687299999999	0.628947598861062
base_motif_structure_score	LOC_Os06g45184	LOC_Os06g45184.2	117	1201	1400	UCGGCUUAAACAACUAAACCCUAGCUAACACCUUGCUAGUUAAAACCCAACCGUCAUCCAAAUACCCCACCUACCAAUAUCGCCUAUCCACUAUACGCAGCCACCUACUCUCCUAGAACCUAUACAGAGCCUAGCCAAUAUGCUUCCCUAUUCCGUAGUCGGCUUAAAUAUAACCAAACCCUAGGUAUUAUACUACCUAA	0.9985551	-0.49819157	-2.9114163	0.999795	0.33438927	0.225	0.9985551	0.9975255000000001	0.99296094	0.9748375389999999	0.9875805	0.6544229475319079
base_motif_structure_score	LOC_Os06g29760	LOC_Os06g29760.1	118	5651	5850	AAGUCGAAUUUGAGUCUUUGCGCUUUCGUAAUUUCCGCGAAGAACGCUACGAGGAGGACCGAGUGGAUGACUUGCACCGACUGGAAGAAGUCCGCGAAGCAGCUUUGAUUCGGUCGGCUCGAUACUUACAAGGGUUGCGGCGUUAUCAUAAUCGCAAUGUUCGAUCCCGUGCCUUUUUAGUCGGCGACCUGGUUUUGAGG	0.99854374	1.0752852	0.5658346	0.99436015	0.63046527	0.57	0.99854374	0.9964764233333333	0.992878874	0.985353477	0.990633195	0.6538028518346028
base_motif_structure_score	LOC_Os03g21290	LOC_Os03g21290.1	69	1051	1250	GAACCAAGCGAUGGUUCGGAUUGUGGUAAUAAUUUGUGCAAUGAUGCCGUAACGAGUAUAGCCGAACCAAAUGUUGAUUCGGAUUGUCUUAUUAGUUUGGAUGAUAACGCAAUAACCAAUAUAGCCGAACCAAGUAUUGGUUCGGAUUGUGUUACUAGUUUAGACAAUGAUGGAAUAGUCGAACCAAGUAAUGGUUCGGA	0.9985424	0.018645596	1.0117404	0.99753964	0.666383	0.595	0.9985424	0.9893084666666668	0.984673334	0.9740043110000001	0.9868114750000001	0.6920782491527517
base_motif_structure_score	LOC_Os12g39660	LOC_Os12g39660.1	71	201	400	GCAGCCGCAACCAGCCAGCUACUGCGUGCUGCAACCUGGGAUUUUCUUUUUUCUUUUUUUUCUUGUGGAUUUGAUCUGAAGUGGAGGUGGGAGGAGGAGGAUGGAGAGCUACCUGGAGGAGAAUUUCGGCGGGGUGAAGGCGAAGAACUCGUCGGAGGAGGCGCUCCGGCGGUGGCGCAAGCUCUGCGGCGUCGUCAAGA	0.998541	2.653693	1.2632136	0.9624299	0.6627504	0.655	0.998541	0.9980574799999999	0.991455902	0.9782735299999998	0.994975285	0.6900447499278843
base_motif_structure_score	LOC_Os01g52000	LOC_Os01g52000.1	84	1701	1900	UACACCGAGUACGAUGUCUGGUAAUCGCUAUUUUUUUCUUAUAGUUGAUGAUUAUUCCCGGUGGAUGUGGGUGUUCGUACUCAAGACGAAGGAUCAAUCGCUCGAUGCUUUCGUAAAGUUCAAGCCACUGGCCGAGAACACGGCUGGGCGGCGCGUGAAGACGUUGCGGUCAGACCGGGGUGGUGAAUUCCUGUCAGGCG	0.9985403	2.1541324	0.09350682	0.9869675	0.5891841	0.5	0.9985403	0.99650325	0.9940680759999999	0.986194424	0.9940680759999999	0.6780707531931149
base_motif_structure_score	LOC_Os07g05430	LOC_Os07g05430.1	84	1701	1900	UACACCGAGUACGAUGUCUGGUAAUCGCUAUUUUUUUCUUAUAGUUGAUGAUUAUUCCCGGUGGAUGUGGGUGUUCGUACUCAAGACGAAGGAUCAAUCGCUCGAUGCUUUCGUAAAGUUCAAGCCACUGGCCGAGAACACGGCUGGGCGGCGCGUGAAGACGUUGCGGUCAGACCGGGGUGGUGAAUUCCUGUCAGGCG	0.9985403	2.1541324	0.09350682	0.9869675	0.5891841	0.5	0.9985403	0.9967343166666667	0.993882176	0.9868791229999999	0.993882176	0.6780707531931149
base_motif_structure_score	LOC_Os11g12740	LOC_Os11g12740.1	49	2001	2200	CUGGUCGAGGUGGUACUCCAAGAGUGUGGAGACGACCGUGCAGGUCGCCGGAGUUGGAGGAGAAGGCGGCGGCGGCGAGCAGCAGGAGGAGAAGGGUGUUGACGAGGUCAACAUGGGUCACUGACAUGUGGGUUCGAACCGCACGUCUAGUAUAUUAGGUGGAUUAUUAAUCAUUUAACCUAGUCUUAACCUUUUUUUUA	0.9985368	2.61376	0.73072976	0.9719844	0.62439984	0.575	0.9985368	0.98984668	0.9823844279999999	0.967586837	0.98984668	0.7163439905112639
base_motif_structure_score	LOC_Os05g44300	LOC_Os05g44300.1	23	1	200	ACGGAGCACCGAGAUUUCUCGUGGCGAUCGACGAAGAAACGAAGCACGAGAGCCGCGCGCCACGAAUUUUUUUUUAGCGGAGAAAAAAAAAAUGGUUGUGGAGGAGGCCGUCGUCGCGGCCGGCAAUGAGAUGAGCCUGUCCAACAUGGUGCUCGGGUUCUACGAGGAGGCCGAGCUCCAGAGCUCGCCGCCGGGAGACU	0.99853575	2.5738268	0.51052094	0.9757755	0.6297606	0.56	0.99853575	0.9967760366666667	0.9924774020000001	0.938245237	0.997647255	0.7692876249639422
base_motif_structure_score	LOC_Os09g17049	LOC_Os09g17049.1	84	451	650	CAAAGGCGCCGGCUUUUCCGCCGGUAUGGUCUUGUCGCAUAUGACAUCCGCCUGCGAUUGGUGAUGCCUCAUGAGGUCAACUCUUUUUUUUUUGUCGAGAGUAUUUGAUUUGAAGGGGACUAUUUUUUCGAGAGGAUUUGGACUUGAAGAGAAUGAGGACGUGCGAUGAUUGAAGUUUCGGGACCUGAAUCUCAGUCGGG	0.9985353	2.61376	0.96254224	0.9686161	0.6699238	0.575	0.9985353	0.9975167099999999	0.996521366	0.993464095	0.996521366	0.6780657531931149
base_motif_structure_score	LOC_Os03g15450	LOC_Os03g15450.1	77	551	750	CCAGAACGGUUACAGAGUAUCUGCACGAGUUCAACCGCCUCGCGCGCUACGCUCCUGAGGACGUGCGCACCGAUGCUGAGAAGCAGGAGAAGUUUUUUUUUGGGCUCGAUGAUGAAUUGACCAACCAGCUAAUCUCCGGAGUCUAUGAGGACUUUGAGAAGCUUGUGGACAAGGCUAUCCGCCAGGAAGAGCAACGCAAC	0.9985342	2.5738268	0.6093805	0.97455275	0.63015306	0.56	0.9985342	0.9977897800000001	0.987417876	0.9696723049999999	0.99361211	0.6842640890568876
base_motif_structure_score	LOC_Os02g57450	LOC_Os02g57450.2	64	351	550	UCUGUUCUUUUUUCUUAACUGUUACUGCUCGUGCGUUUUUGAGAAGUUUCGAGAGGAGAGGGAGGAGAGUUCAAGAACUUGGAGAGAAGGGGAUGGAUCCGGUGUUGCUGGACGACAUCAUCCGGAGGCUUAUCGAGGUGAAGAAUCUGAAGCCGGGGAAGAACGCGCAGCUUUCGGAGUCGGAGAUUAAGCAGCUCUGC	0.998533	2.1940656	0.78749055	0.9808349	0.6477722	0.57	0.998533	0.99461539	0.985398372	0.9623340670000001	0.991111125	0.6974146093485772
base_motif_structure_score	LOC_Os07g25450	LOC_Os07g25450.1	58	151	350	GCCGUCGCCGCCGCCGCCUCGUAAACCGGUGGGAUUUUGCGGGGAGGAGGGAGUUUGGUGCGGGAGAAGGGGGCGGAGGAGUGGGUGGUUUUGUUUUUUUUUUUUUUGUAUUUUGUUUUUGUGUGUGAGAGAGGGGGGAAGGGGGCAAUGGAGAUGGACACAUCGCCAUCGUCUUCGGCGCCGUCGUCGCCGGCGGCGUC	0.9985267	2.5738268	1.4559735	0.96146953	0.68807447	0.68	0.9985267	0.99795712	0.994529938	0.9761514940000001	0.99795712	0.7043945475319079
base_motif_structure_score	LOC_Os08g08592	LOC_Os08g08592.3	128	451	650	UGUGCGGAUCUGCCGUCCGCGGCGAUGGGUGGGUCGAUCCGGCGACCUCCGUCGUCUCUCCACCCUCCGUUCGUGCUGAUCCGCCGCGGGUGAUGAUGGGAGGGACGGAGGUGGGGUGGCAGACUGGCAGAUGGGGCGACGACCUCGACGAUGGCGACACAUGUGGUUUGGGCGCCAUCGCAAUCUUUUCGCCCAGGUUA	0.9985073	0.45688367	1.3251666	0.9954417	0.6829686	0.61	0.9985073	0.9954617333333333	0.9941162720000001	0.9879729770000001	0.9918111857142858	0.6479459372288372
base_motif_structure_score	LOC_Os08g03720	LOC_Os08g03720.1	62	2901	3100	ACGAACCUUUUGUCCUUGCCAAUGAUGUAAUGCAAGUCUUUUUCAUGAAGGACAUGUCUAGCAAAGGAAAGAAGGGCAGAGGGCCUGAUGAGCCUAAGCGUCAAGUGGUUCUCCCAGGCAAAAGAAAAAUCGUCGAAGUUGAAGACAAGACUGACGAGGAUUACGAUCAAUUGGAUGGGCAACCCCUUUUCACGGUGACG	0.99849975	1.258543	0.2919219	0.99391705	0.57169175	0.53	0.99849975	0.9892232	0.98541632	0.972598889	0.987631575	0.6996357538250042
base_motif_structure_score	LOC_Os02g07520	LOC_Os02g07520.1	113	5451	5650	GCAAGAUGGUUUGACAGCCGAUGAGUAUUAUAAUCUUAUGGCCGAUGAGAGGGAGGACUUGGUUCAAUCGCGUUUACGAGCCCUUACUAAGGUUACCAAAGAUAAGGAACGAGUUGCUAGGCACUAUAACAAGAAAGUAGUGCCUAAGGAUUUUUCGGAAGGUGAACUUGUAUGGAAGUUGAUUUUACCGAUUGGAACUC	0.9984971	1.0737486	-0.096713595	0.995821	0.5925825	0.445	0.9984971	0.99428772	0.989602082	0.9808459770000001	0.987880885	0.6568525992917629
base_motif_structure_score	LOC_Os05g08560	LOC_Os05g08560.1	39	251	450	GGUGGUUGUGGAUUUUUUUUUUUUGAGAGGGAUGGGUGUUUGAUUGGAGUGGGUUGGGAGCCAUGUGGAAGCAGUUUCUCGGCAAGAUCUCGUGGAAGGCGCCGAAAUCCGGCGGCGGCGGCGGCGGCUCGCCGACGGCCAAGUCGCCGCUGUCGAAGGGCGCCGGGAAUGGGGAGCCUCCCGCGCCGCCCGCGGCCGCC	0.99849224	2.5738268	1.8026164	0.95349115	0.72117174	0.72	0.99849224	0.9958807266666666	0.9910384560000001	0.977054845	0.99736649	0.7323958352556319
base_motif_structure_score	LOC_Os06g32340	LOC_Os06g32340.1	62	2901	3100	CCUUAACAAGGUUGGAUACUCGGACGAACCUUUUGUCCUUGCCAAUGAUGUAACGCAAGUCUUUUUCGUGAAGGACAUGUCUAGUAAAGGAAAGAAGGGUAGAGGGCCUGAUGAGCCUAAGCGUCAAGUGGUUCUCCCAGGCAAAAGAAAAAUCGUCGGAGUUGAGGACAAGACUGACGAGGAUUACGAUCAGUUGGAUG	0.9984732	1.3721563	-0.23828048	0.9946755	0.56678694	0.475	0.9984732	0.9937642333333333	0.9868306199999999	0.969435872	0.9912367	0.6996092038250041
base_motif_structure_score	LOC_Os02g38860	LOC_Os02g38860.1	12	401	600	GGAGGAAGCAGCCGGUCGCCGGAUCGGCUUUGCUCCGACCGGCGCCUCCUCGUCCUCCUCAACGCUGAGGAGGCCGCACCUGUCGGAGGUGUGGGACGAGGAGGAGGAAGAGGUGAGGAGGAUGCUGCGCAUGAUUGUUGCACACACGUUUUUUUUUUUUUUUUUUGCACAUAGUGUAUUCGUGAUGUUGCAAUUUGUCU	0.9984712	2.5738268	1.7171665	0.9547531	0.72869897	0.695	0.9984712	0.9937775000000001	0.9870221200000001	0.9747208439999999	0.9984712	0.8134492140929453
base_motif_structure_score	LOC_Os10g08150	LOC_Os10g08150.1	13	401	600	CAACGGUUGACCUUAACAUGGUUGGAUACUCGGACGAACCUUUUGUCCUUGCCAAUGAUGUAACGCAAGUCUUUUACGUGAAGGACAUGUCUAGCAAAGGAAAGAAGGGCAAAGGGCCUGACGAGCCGAAGCGCCACGUGGUUCUCCCAGGCAAAAGAAAAAUAGUCGGAGUAGAGGACAAGACUGACGAGAAUUACGAU	0.99845374	0.51754737	-0.3124556	0.9977823	0.54315555	0.485	0.99845374	0.9878031966666666	0.97277599	0.877867255	0.99845374	0.8080859938971198
base_motif_structure_score	LOC_Os06g34010	LOC_Os06g34010.1	43	1851	2050	GGUUGAUCUUAACAAGGUUGGAUACUCGGACGAACCUUUUGUCCUUGCCAAUGAUGUAACGCAAGUCUUUUUCAUGAAGGACAUGUCUAGCAAAGGAAAGAAGGGCAGAGGGCCUGACGAGCCUAAGCGUCACGUGGUUCUCCCAGGCAAAAGAAAAAUCGUCGGAGUUGAGGACAAGACUGACGAGGAUUACGAUCAGU	0.9984492	1.258543	0.017933285	0.9945135	0.58913016	0.49	0.9984492	0.9881972666666666	0.978081594	0.9476041179999999	0.9881972666666666	0.7254776190681351
base_motif_structure_score	LOC_Os12g15110	LOC_Os12g15110.1	27	151	350	GACCACCCGGAGUGGUUGGCGAACCCGGUCUUGGUGAGUAAAAUGAACGGCAAGUGGCGCAUGUGCGUUGAUUUUACAAUCCUCAAAAAGGUGUGCCCGAAAGAUGACUUCCCCCUGCCGCAGAUCGACCAGCUUGUCGAUUCGACAGCUGGCUGUGAGCUCAUGAGCUUUUUCGAUGCAUAUUCCGGCUAUCACCAGAU	0.9984413	1.1098325	1.071263	0.9919729	0.6643933	0.605	0.9984413	0.9817252566666667	0.975127728	0.956898724	0.988371085	0.7580735538971197
base_motif_structure_score	LOC_Os03g14030	LOC_Os03g14030.1	68	1451	1650	CUGCUGCCGCCGCGGCGCCGGCGGCAGCGGGUGGCCGUGCGCUCGAGUGGUGUGUUUGCCGGUGUCGUGCACGGUGUGGGGCCAGCGAGCUCGGUGUGUGGGGGCGAUCGGGUGAUUCGGUUUGGCCAAGAUCGGCGUAGCGCCAUUGUAAAAUCCAUCAGAUUUUUUUUUUUUGGGUUCUUCUUUCUUUUGGUUUGCGC	0.9984408	2.5738268	0.9292782	0.9684314	0.6402208	0.615	0.9984408	0.9905471	0.98774122	0.98103923	0.98896855	0.6930145771610916
base_motif_structure_score	LOC_Os10g31700	LOC_Os10g31700.1	5	1	200	AUGGCGGCGGCUCCCGGCGCGGGCUGGCAAUUUUUUUUUUGUUCGUCCCUUCCAUUUUCGCAGCCCGCUUCUAAGCUAAAGAUGUACGCUAGUGAUGGGGCCACUGGUGAGAACGGAUCGCGGGAACACGUGACCGCCAUCGAUGCCGACAUUAUGAUGCAAGGCUGUCGUGGUGGUCGUAUCCAUGGUUUUGCUCCUCC	0.99843246	2.5738268	0.11919686	0.97861165	0.6099549	0.48	0.99843246	0.9221567199999999	0.882405822	0.882405822	0.99843246	0.8691843349639421
base_motif_structure_score	LOC_Os06g33150	LOC_Os06g33150.1	68	3251	3450	ACGAACCUUUUGUCCUUGCCAAUGAUGUAACGCAAGUCUUUUUCGUGAAGGACAUGCCUAGCAAAGGAAAGAAGGGCAGAGGGCCUGAUGAGCCUAAGCGUCAAGUGGUUCUCCCAGGCAAAAGAAAAAUCGUUGGAGUUGAGGACAAGACUGACGAGGAUUACGAUCAGUUGGAUGGGCAACCCCCUUUCACGGUGACG	0.9984255	1.3721563	0.5072977	0.99204856	0.58709145	0.56	0.9984255	0.99203725	0.9851636100000001	0.968569405	0.9889377625	0.6929992771610916
base_motif_structure_score	LOC_Os01g26224	LOC_Os01g26224.1	100	2601	2800	CUCGGACGAACCUUUUGUCCUUGCCAAUGAUGUAACACAAGUUUUUUACGUGAAGGACAUGUCUAGCAAAGGAAAGAAGGGCAAAGGGCCUGACGAGCCGAAGUGCCACGUGGUUCUCCCAGGCAAAAGAAAAACUGUCGGAGUAGAGGACAAGACUGACGAGGAUUACGAUCAGUUUGAUAGGCAACCCCCUUUCACGG	0.998425	1.04635	0.31299388	0.99477494	0.567592	0.55	0.998425	0.9974251799999999	0.9916946479999998	0.9775494339999999	0.9916946479999998	0.6655144258624103
base_motif_structure_score	LOC_Os10g34750	LOC_Os10g34750.2	105	2501	2700	GGUUGACAUGUAGCGUUUUAGGUGCGAGAUUCGUAAUGUGAUUCUUUUUUUUUCACACGCUAAAUCCAAACUGGUGGUGCGGUGUUGCACAGUAGGGAAUUGAAGAGCAUGGCCGCGUCGCUCGUGUGGCGCUAAUACAAACCUUCCUGUUAACCUGAGAUGUACAUACAUGAUAACAUGAGUGACCCUUCGAUUGGCAA	0.9984213	2.61376	-0.051243898	0.97939646	0.5832573	0.475	0.9984213	0.9979333833333334	0.997238336	0.9945984750000001	0.9968190466666668	0.66202527727184
base_motif_structure_score	LOC_Os01g51754	LOC_Os01g51754.3	242	2151	2350	UGAACAAGGAGGUUACACUGCUAGGUAUCAAAGAAGUAUCUGAUAAGUAUCGUGUGAGUAUCGGUAUUUAUUUUUUCUUUUUUUUCCAUUGUUUAAUGACCGAUACUCCUCCGAUACCGUAUCGACAGAGUAUCGGACGUAUCGCCGUAUCGGAUACCGGUACGGCAAGAAAUUGAAGUAUCGGUGCAUCAUAGCUUGUC	0.9984182	2.61376	1.1867284	0.96233106	0.6612669	0.615	0.9984182	0.9967687499999999	0.987191202	0.9714732710000001	0.9664233700000001	0.6021775748197109
base_motif_structure_score	LOC_Os02g22060	LOC_Os02g22060.1	36	351	550	CGAGGGAAGGCGAAGAGGAGGUGGGACGCGCGUAGCCGAGAAGGCGGGGGCAGCGAGACGGCGACGGGCGCUGGCGCUGGCGCCGGUGCCGGCCCAGCCGCCGCGGCGGUCGGCGGCGACAGUAGCAGCAGCAGUGGCAUUUCGUGUUCCCUUUUUGCCUUUUUUUCCCCUUUUCUUUUUUUAAAAAAACUUCGGUGACG	0.9984127	2.653693	1.4555019	0.95532703	0.6780275	0.67	0.9984127	0.9961743233333333	0.993422314	0.9692526840000001	0.99801905	0.7379400317185525
base_motif_structure_score	LOC_Os06g10360	LOC_Os06g10360.1	49	2201	2400	UGACUGGUGGAGGCGUAAUGAUUCAUGACAGUGGGAUGACAACGGUUGACCUUAACAAGGUUGGAUACUCGGACGAACCUUUUGUUCUUGCCAAUGAUGUAACGCAAGUCUUUUUCGUGAAGGACAUGUCUAGCAAAGGAAAGAAGGGCAGAGGGCCUGACGAGCCUAAGCGUCACGUGGUUCUCCCAGGCAAAAGAAAA	0.9984125	1.3721563	0.4997287	0.9920134	0.5925038	0.565	0.9984125	0.9930140600000001	0.9814833359999999	0.960754898	0.9930140600000001	0.7162196905112639
base_motif_structure_score	LOC_Os05g38630	LOC_Os05g38630.2	46	201	400	GCCGCCGCCGUCGUGCUGCCAUUCUCACGGUGUCUGUUUUUUUUUUUUUCCGUUCGCUGCAGGUCGGGGAUUGGUGGAGGAGGCGCGCCGGGUGGGCUGUGGAGUAGGGGGAGGAGGAGGAGGAGGGUGUGAAGCGGAGCGACGAGAUGGCUGCGCCGCCGGCGAGGGCUCGGGCGGACUACGACUACCUCAUCAAGCUC	0.99840933	2.5738268	0.960412	0.96732706	0.64281243	0.58	0.99840933	0.9971939333333334	0.9919843100000001	0.983744727	0.9971939333333334	0.7206798874161181
base_motif_structure_score	LOC_Os08g10070	LOC_Os08g10070.2	72	101	300	GGCAGCCAGUGCGUGCGCCGCGCGGGCAGCGUCGGCAUUAGAGGGGUGGUGGCGGGCGGCGCGCCGACGGAGACGCCAGGGUGUGGAGGAGGGUCUGACCCUUCACUUGGUGGUGUGAUGUCGGUUGGGUGCGCCGAUGAAUUGCAUUGACUGGUUUCACCAUUAUGUUUUUUUCCCUGUACUCCACUGGACAUACUUUA	0.99840814	1.9503267	0.56431144	0.9853534	0.6082611	0.56	0.99840814	0.9962707466666667	0.982319314	0.9636775510000002	0.9879734	0.688916912055999
base_motif_structure_score	LOC_Os02g53870	LOC_Os02g53870.1	12	401	600	GGCACUGCGUUCGCGCCGGUGGUCGCCGUCGGCUACUGAUGAGCGCGUGCAUGUCUGCAGCACCGUUCUGGCCUGUGCAUGAAGAACAUGAAGCCAUGGAGCAGUAGCACCCCUGUGUAUAGACGUGGUUAACUGUCCAUGAUGAAUUCCAGUGCUGAUCUUUUUUCUCUCUUCAUUUUAUGGAUCUCGAGUUCUCGACA	0.9983877	2.1940656	0.8600444	0.9782124	0.6315705	0.6	0.9983877	0.9943611833333333	0.9671800779999999	0.923467831	0.9983877	0.8133657140929453
base_motif_structure_score	LOC_Os06g05750	LOC_Os06g05750.1	36	1651	1850	CCGCCGGCCCGGAUUGCUUGCUGAAGCCGGCGACGGCGGCGAGCCUGGGGCUCGCUUACCCCGCCGGCGCCCAUGGUUCCAGAUUGUGAUGAGCUCGCAGUUUAGCAGUUUUUUGCUUGUAAUUUAGGUGAAUCUUGGAAAAUAAUUCGGAAAUUUUGAACCAUUUGUAUAUGCAUUGUGGGAUUUUUUUUUAUUUUUUU	0.9983876	2.5738268	0.0512525	0.978729	0.5997297	0.475	0.9983876	0.9835521466666667	0.9697177399999999	0.9376820599999999	0.99550287	0.7379149317185525
base_motif_structure_score	LOC_Os01g48740	LOC_Os01g48740.1	16	101	300	CCCGCGGCGGCUUUUGCCUUUGCUCCUGCUUUGCGGUGAGGAGACGCGCGCGCAUUGGCGCCGCCGUCGCCGCGACGCCCAUUGCCGUGUCGAUCUCCCCGUCCCGGUGGACUAUCGCGCGCGUUUUUUUGGCGGGGAGCGAGGCGGGCUAGCUUGCUAGCUAGCCGCGGGGCGGCGGGUCGGGAAUGGCGGGCCGCCGC	0.99837935	1.5950831	1.798672	0.98071325	0.73315656	0.7	0.99837935	0.9979679499999999	0.982837612	0.8872542899999999	0.99837935	0.794006207937483
base_motif_structure_score	LOC_Os08g40510	LOC_Os08g40510.1	23	101	300	CUCUCUCUCUCGCUGAGAUUGAUCGAUCUCGCUCGCUGUGGCGGCUGCUGCUGGGCUCUGAUCCGUUUGAUUUGGUGGUGCGCUCGCCGGAGGAGGAGGAGGAGGAUCUUGAUUUGUGUGUUUUUUUUUGGGGCGCAUGUCCACGGCGGUGGCGCGCGGCGGGAUGAUGCCGGCGGGGCACGGGUUCGGGAAGGGGAAGG	0.9983771	2.5738268	1.4076691	0.9586815	0.69470996	0.66	0.9983771	0.9973044999999999	0.987412952	0.9515778710000001	0.9979561	0.7691289749639422
base_motif_structure_score	LOC_Os08g39870	LOC_Os08g39870.1	34	1451	1650	UCGGCCUCAUCUAUGUCGACCGCGCCACGCUCGCGAGGUUUCGCAAGAAGUCCAGCUACUGGUUCGCGGAUUUCCUCCGUCGAUGAUGAUGAUUCAAAUGCUUCAAGCUCCUGAUCGACAGUGAUUCGAUCCGAUCUAUAUCUCCAGUGUACUCGAUGAAGCUAGCUUCAGGCAGCUGCCUUUUUUUUUCUUUUUUCUUU	0.99837446	2.653693	-0.47243312	0.982064	0.5478294	0.43	0.99837446	0.9891563533333333	0.980049586	0.958369644	0.99754563	0.7419103091527517
base_motif_structure_score	LOC_Os07g30970	LOC_Os07g30970.1	38	51	250	UCGCCUCCGCUUCUGCUUUUUUUUUUCUUUUUUCUCGUUGAUCGGUUUGUUCGAUCAGAUCGGUUCUUUGGAGAGAUGGAGCAGUCCUUCAUCAUGAUCAAGCCUGACGGCGUCCAGAGAGGCCUGAUUGGAGACAUCAUCAGCAGGUUCGAGAAGAAAGGAUUCUACCUGAGGGGGAUGAAGUUCAUGAAUGUGGAGAG	0.99836177	2.653693	0.97408277	0.96344656	0.6687578	0.6	0.99836177	0.9939204133333334	0.992085498	0.9833679759999999	0.995717685	0.7340916590568876
base_motif_structure_score	LOC_Os04g46450	LOC_Os04g46450.1	69	201	400	CCGCGCUCCAAUUCCGUCCUUCAUCCGCUCUUUGUUUUUUUUGCGAUUGUUUUUUUGGGUGCGAUUGGUUUGGUGAUCCGCGUGUUAGGGUUCGGGAGUCGCCGGGGCGGGGGUUUGGGUGGUGGAUUGGACCGGUAGGUGGCCGGGAGGGUUGGCCCUUGUGGUUUCGGGGUUUGGUUUCACCCGCCGCAUGUGGAGAA	0.99835974	2.5738268	0.55845195	0.97229993	0.61482805	0.56	0.99835974	0.9946068566666667	0.9831347220000002	0.9425157030000001	0.9893909675000001	0.6918955891527517
base_motif_structure_score	LOC_Os10g01510	LOC_Os10g01510.1	57	2751	2950	UCUCAAGGUCCCUCUGUUCCGGUGCCAAUGGGUUAGGUUGACUGGUGGAGGCGUAAUGAUUGAUGACAGUGGGAUGACAACGGUUGACCUUAACAAGGUUGGAUACUCGGACGAACCUUUUGUCCUUGCCAAUGAUGUAACCAAAGGAAAGAAGGGCAGAGGGCCUGACGAGUCUAAGCGUCACGUGGUUCUCCCAGGCA	0.9983596	0.46406484	0.8516813	0.99601513	0.6166723	0.585	0.9983596	0.9691465133333333	0.962271348	0.9510423330000002	0.9691465133333333	0.7054605502436214
base_motif_structure_score	LOC_Os03g58470	LOC_Os03g58470.1	26	1001	1200	UCUCCGGCGAGCGAGCAAUCUAGGGCUUCAUGGUUGUUUUCUUAGCUGUUUUUUUUUCUCUUCUCUUUGUUGUUAGUUGCGAGGAGGGGUCAGGGGUACUAGCUUGUAAAUUUGAUAUCGCGGCGGGGGUACACUGGUCAUUUCGUACCCAGGUGGUGGUGCGCGACGAUGAUGACGACGACGACGAGACAGUUUGUUUU	0.9983576	2.5738268	0.47476688	0.9733705	0.59085196	0.575	0.9983576	0.9980470466666667	0.993403678	0.933940943	0.99815327	0.7606132248918265
base_motif_structure_score	LOC_Os04g52700	LOC_Os04g52700.1	21	701	900	GCCCCGGGAAGCCUCCGCCGGCGCCGGCGACGGCAGCGGGAAGAAGCCCAAGAUUGACCUGAAUGCGGCGGCCGACGACACCGAGUGAUCAGAGAAAAAUAUUUGGAAAAGAAAAAAAAUUGGAAACGAAUUUUUUUUCAAUUAAUUUCUUUUUCUUUUUUUAGUGAUACAGAAACAUUCUGAUAAGUUUUACUUAUUGA	0.9983571	2.61376	0.4664618	0.9724205	0.59834397	0.56	0.9983571	0.99472069	0.972947856	0.92532587	0.996233485	0.7753855190681351
base_motif_structure_score	LOC_Os01g63520	LOC_Os01g63520.1	61	2851	3050	AACAAGGUUGGAUACUCGGACGAACCUUUUGUCCUUGCCAAUGAUGUAACGCAAGUCUUUUUCGUGAAGGACAUGUCUAGCAAAGGAAAGAAGGGCAGAGGGCCUGAUGAGCCUAAGCGUCAAGUGGUUCUCCCAGGCAAAAGAAAAAUCGUCGGAGUUGAGGAUAAGACUGACGAGGAUUACGAUCAGUUGGAUGGGCA	0.9983525	1.3721563	0.2617414	0.99263644	0.5542578	0.525	0.9983525	0.9869413666666667	0.9816293140000001	0.9681503410000001	0.9845468925	0.7006426844806561
base_motif_structure_score	LOC_Os07g15750	LOC_Os07g15750.1	12	351	550	GAUAGAAUUGCAAGACGGUUUGACAGCCGAUGAGUAUUAUAACCUUAUGGCCGAUGAGAGGGAGGAUUUUGUUCAAUCGUGUUUACGAGCCCUUGCUAAGGUUACCAAAGAUAAGGAACGAGUUGCUAGGCAUUAUAACAAGAAAGUAGUGCCUAAGAUUUUUUCGGAAGGUGAACUUGUAUGGAAGUUGAUUUUGCCGA	0.99835074	1.6359822	0.73229086	0.98791504	0.61839724	0.58	0.99835074	0.9920905333333333	0.985832808	0.9353119510000001	0.99835074	0.8133287540929454
base_motif_structure_score	LOC_Os08g20680	LOC_Os08g20680.1	18	601	800	CUGAUUCCGAGUGGGAUUUAGGGAGGGGGGAUUUGUGUAAUGUGAGAUUUGGGGAGGGGGGGGGGGGACGGGGACGGGCGAUUGAAUCGGACAUGUGAGAUUUUGGGAGGGGGGGGGGACGGGGACGGGCGAUUGAAUCGGACUUUCUUUUUUUUGGCUCGCGAUUGGGAUUCGAGGGCGGGGGCUGCUGGUGCGCACCG	0.9983485	2.61376	0.5359479	0.97132665	0.60412955	0.555	0.9983485	0.9978705333333333	0.993505106	0.9713359270000002	0.9983485	0.7859521243278207
base_motif_structure_score	LOC_Os07g39310	LOC_Os07g39310.1	56	51	250	UUUUUUUUUCCUUCCCUUCCCUUCCCUUCCUCUUCGCCCCGUCCACCGCCCGCCGCCGCGCAGUAGCGCAGUUCUUGGGGAGGGGGAGGGGGAGGGGGGAGCUGCGGGUGAGGGGGGUGGAGCUGUGGCGGCGGCAGAUCGAGAGGAGAUGCCACCCAAUCCGACGGGGACGGAGGGGGAGCCCGGGCCGGCGGUGGAGC	0.9983481	2.5738268	1.2438267	0.96115035	0.6560481	0.655	0.9983481	0.9885801033333332	0.978438662	0.957224963	0.9885801033333332	0.706703599291763
base_motif_structure_score	LOC_Os05g49630	LOC_Os05g49630.1	60	2801	3000	ACACCAACGAUGGUAUCGUUAAUAGCCUCAAAGUGAAUAUUUUGUCCGGGUUAGAAGAGGAAUUCAUUUAUCGCAAUAGCGAUGAAGGCACCGACGAGGAAGAAGGUGACUCUGAUGAUGAUAUCGAUUUUGUGUGAGUUUUCUUUUUUUUUUACGAACUGGCAAAAGAAUUUGUCAAUUUCAUUGAGAAGAAAAAGAAU	0.9983436	2.61376	1.4032022	0.956314	0.6805946	0.665	0.9983436	0.9973374566666666	0.9837716860000001	0.962371744	0.9973374566666666	0.7018067331218556
base_motif_structure_score	LOC_Os01g69810	LOC_Os01g69810.1	33	1351	1550	CAAUGGGUUAGGUUGACUGGUGGAGGCGUAAUGAUUGAUGACAGUGGUAUGACAACUGUUGACCUUAACAAGGUUGGAUACUCGGACGAACCUUUUGUCUUUGCCAAUGAUGUAACGCAAGUCUUUUUCGUGAAGGACAUGUCUAGCAAAGGAAAGAAGGGCAGAGGGCCUGAUGAGCCUAAGCGUCAAGUGGUUCUCCC	0.998338	1.3721563	0.33438626	0.9922994	0.60318696	0.515	0.998338	0.9964046333333334	0.9900079000000002	0.9614052790000001	0.9973684	0.7439648579374829
base_motif_structure_score	LOC_Os12g12290	LOC_Os12g12290.1	32	1451	1650	UCGAGGGCGACAUGAGGGACGCCUUCGACAUCACCUUCGACGAGAUCAUGGCGAGGAUGAGGAGGAUCAAGAAUGGCGAGAUCUUGGGAUGGAAGCUAGAUGGUGACGACGAUGUGGUUGCAAAAGAUUCAUGACACAAGUGAAAUGGAGAUUUUUUUUUUGUGUUAAUUAGUAGUGUUCGUUUUGUUAAUUGUUGUGUU	0.99833244	2.5738268	0.78015167	0.968653	0.61718214	0.59	0.99833244	0.9757420966666667	0.952171978	0.915086807	0.990695745	0.7461127340320772
base_motif_structure_score	LOC_Os12g43470	LOC_Os12g43470.1	59	2701	2900	AUGACAACUGUUGAACUUAACAAGGUUGGAUACUCGGACGAACCUUUUGUCCUUGCCAAUGAUGUAACGCAAGUCUUUUUCGUGAAGGACAUGUCUAGCAAAGGAAAGAAGGGCAGAGGGCCUGAUGAGCCUAAGCGUCAAGUGGUUCUCCCAGGCAAAAGAAAAAUCGUCGGAGUUGAGGACAAGACUGACGAGGAUUA	0.9983235	1.3721563	-0.48707792	0.9948356	0.55516213	0.435	0.9983235	0.9935810433333333	0.9835668160000001	0.9674372029999999	0.9935810433333333	0.7029789702195741
base_motif_structure_score	LOC_Os02g47420	LOC_Os02g47420.2	179	151	350	AAAAGUCGCGUGUUUUGUGCUUUGCGUUUUGCUCGCUUGCCGUGUGUAGCGGUGGACUGGUGGCGUCGUUCGUGUCGCGCACCUUUUCUCUUUUUUUUUCUUCACCGGGACCAACUGGGGAAGAAAGAUUUGGGGGGUUUUUGGCCGUUUCGGCGUCUCAUCUUUCUUCUCGCCGCGCGCGCUCGUGUCCAGUCGCCGCC	0.99832267	2.61376	1.2324991	0.9592567	0.6613625	0.66	0.99832267	0.99788529	0.9973382879999999	0.995574016	0.9959193677777777	0.6237300151835162
base_motif_structure_score	LOC_Os11g07440	LOC_Os11g07440.3	156	1851	2050	AGGAAGUUCCAGACAUGGUCCAUCGCUGGCUACCUCGUAGCCCGUAUGAUGCUGGAGGACCCGUCGACGCUGAUGAUGAUCUCCAUGGAGGAAGACCGGCCGGUGAAGCCGACCAUGCGACGGUCAGCAUCAUGGAAUGCCUGAAAUGUUUUGAUAGAAUUUUUUUUUCCCAAAGAGAGGUUCAAUGUGGAAACUUAUAG	0.9983224	2.5738268	1.4677125	0.9561041	0.6779489	0.665	0.9983224	0.9979263233333334	0.9963100340000001	0.9918656229999998	0.9936901712499999	0.6335913625554187
base_motif_structure_score	LOC_Os12g41110	LOC_Os12g41110.1	16	501	700	GCCUCGGCGAGAAGCUCACCGACGAGGAGGUGGAGCAGAUGAUCCGGGAGGCCGACCUCGACGGCGACGGCCAGGUCAACUUCGACGAGUUCGUCAGGAUGAUGAUGCUCUCCGACCAAUAAUUAAUCUCCUCUCUACUAUAUAUCCAAAAUCAAUAUAUCUCUCUCCAUUUCAUUUUGUUUUUUUUCGAUCUCUUCUUU	0.9983204	2.4153688	0.0016033876	0.9815014	0.5451955	0.53	0.9983204	0.9806763	0.964806852	0.932567976	0.9983204	0.793947257937483
base_motif_structure_score	LOC_Os09g11400	LOC_Os09g11400.1	51	2351	2550	UUAACAAGGUUGGAUACUCGGACAAACCUUUUGUCCUUGCCAAUGAUGUAACACAAGUCUUUUUCGUGAAGGACAUGUCUAGCAAAGGAAAGAAGGGCAGAGGGCCUGACGAGCCUAAGCGUCACGUGGUUCUCCCAGGCAAAAGAAAAAUCGUCGGAGUUGAGGACAAGACUGACGAGGAUUACGAUCAGCUGGAUGGG	0.9983163	1.3721563	-0.52730024	0.99491596	0.56271285	0.395	0.9983163	0.9906764533333333	0.981760268	0.96425176	0.9906764533333333	0.7132943140929455
base_motif_structure_score	LOC_Os02g33070	LOC_Os02g33070.1	14	401	600	AGGGCGGCCGCCGCCAAAGGGGAUAAGAAGGGCGGGGAAGCUCGCCCAACCUGAUCCGCUGGGUGACAGUGAAACUGAUGAUCAAUCACACGAUCCGGUGCUGGUGUUCUGUUUGAAUGCUUCUGAUAUGUUGAUUCGCAGAUACUAGUAGCUAAGUACUCUUUUAAAGUUUUUUUCUGUACAGUGGGAAAGGAGUCAAG	0.998315	2.1541324	-0.19250903	0.98695695	0.59109926	0.44	0.998315	0.9783655000000001	0.9684289700000001	0.9472964399999999	0.998315	0.802970470219574
base_motif_structure_score	LOC_Os03g61570	LOC_Os03g61570.1	49	701	900	CGCCUGGGUUUUCGGUGGUUGAUCCGCCCGAUCUGUGUUUUUUUUUUUGCUUUGAUCCAGUCGCUGUGCAACGCGUGCGGGAUCCGGUACCGGAAGAAGAGACGGGAGGCGCUGGGGCUCGACGCCGGCGAGGGCGGCGCGGAGCGGCAGGAGAAGAAGAAGAGCAAGAGGGAGAGAGGGGAGGAGGUGACCAUGGAGCU	0.9983144	2.5738268	0.694808	0.9696072	0.63428193	0.575	0.9983144	0.9952529499999999	0.9924959379999999	0.9847033420000001	0.9952529499999999	0.7161215905112639
base_motif_structure_score	LOC_Os09g06790	LOC_Os09g06790.1	53	2351	2550	CUCUGUUCCGGUGCCAAUGGGUUAGGUUGACUGGUAGGGGCAUAAUGAUUGAUGACAGUGGGAUGACAACGGUUGACCUUAACAAGGUUGGAUACUCGGACGAACCUUUUGUCCUUGCCAAUGAUGUAACGCAAGUCUUUUUCGUGAAGGACAUGUCUAGCAAAGGAAAGAAGGGCAGAGGGCCUGACGAGCCUAAGCGU	0.9983144	1.3721563	1.0812896	0.9886945	0.653413	0.6	0.9983144	0.9964933666666665	0.98445056	0.9600761030000001	0.9964933666666665	0.7105700248918266
base_motif_structure_score	LOC_Os01g32110	LOC_Os01g32110.1	48	2151	2350	AACGGUUGACCUUAACAAGGUUGGAUACUCGGAUGAACCUUUUGUCCUUGCCAAUGAUGUAACGCAAGUCUUUUACGUGAAGGACAUAUCUAGCAAAGGAAAGAAGGGCAGAGGGCCUGACGAGCCUAAGCGUCACGUGGUUCUCCCAGGCAAAAGAAAAAUCGUCGGAGUUGAGGACAAGACUGACGAGGAUUACGAUC	0.9983134	0.51754737	0.17721483	0.9969121	0.5827999	0.525	0.9983134	0.9890087	0.972939248	0.9409235819999999	0.9890087	0.7175779077942396
base_motif_structure_score	LOC_Os01g09665	LOC_Os01g09665.1	23	851	1050	UUUUUAGUGUUGUGCGGAAAUAUGUUGAACGGUUAAUUGACAAGCAAGGAUUAACCUUACUUAUAGGCCUGUUAAUUUGCCAUUAUGAAACGUGAUAAAGACCUAGUAAACCAAAGAGAAUUACCCCUACAUUACGAACUUACGAUUGGUGGCGUGCGUAUGACUCGAAAUGGUCGAGCAGCUUUUGUUGGAGCUCUGAA	0.9982998	0.53839195	-0.33270186	0.99753535	0.5564953	0.465	0.9982998	0.9942337466666666	0.9871419979999999	0.962855112	0.99677507	0.7690516749639421
base_motif_structure_score	LOC_Os01g67090	LOC_Os01g67090.1	47	2051	2250	UGGGUUUCUCGUCGUCGUUGUCGUUGCAUUGCAUGGUGCGUAUGUGCGAGCUUGAUGUGCGUGAUUCGUCGCGGUUUUUACACGUGUGGUUGCUGCCUCCUUUUUUUACGAUUUUGUCUCGUGUCGUGACGAUUUCGUUUUUUUUUGAGGGGUUGGUUUGCUGUGGUGUAAAAGCUCGGCGAGUUCAUGGAACAGGAUAU	0.99829966	2.61376	1.1414422	0.96048445	0.6674338	0.605	0.99829966	0.9978148066666667	0.992746318	0.976940105	0.9978148066666667	0.7190515349639421
base_motif_structure_score	LOC_Os04g37540	LOC_Os04g37540.1	73	351	550	AUUGAUACGGGGGUUGGGGGAUUCGAGAGGGGGGCGGAGCGGUUUUCCCCCACCCCAACUCGUCGUGUUCGUGUUUUUUUUCUUCCAAUCUGCGCGCGUUCGUGCGUGCGUGAGGGAGGUCGUGGUGGUGGUGGUGGUGGAAGUUAGGGUUUGAGGGUUUGGUUCCGGAGGGUAGGGUCUGGUGGUGGCCGUGGCUGCCC	0.99829704	2.4153688	0.8970141	0.97096515	0.63417715	0.615	0.99829704	0.99780896	0.9948721859999999	0.9768438340000001	0.99756172	0.6878243717185524
base_motif_structure_score	LOC_Os01g10230	LOC_Os01g10230.1	15	551	750	GUGCAGCAAGCCGUGGCGGCGGAGGCCGAGGCGCGCGCCGGAGAAGAAGAAGAAGACGGAGUCGCUGGGUGACGUCAACGUCGCCAUGGCGGGGGCGGCGUCUGGUUCGGCGUGUCUUUGUCGUGUCAGGACGUCGCGCGUGCGUUGCGUGCAAGGUGGCUGAUUGAUAGAGAGAUUUUCUGUCGCUUUUUUUUUUUUAC	0.9982969	2.61376	1.5186985	0.95259774	0.7100575	0.685	0.9982969	0.995621	0.9842728199999999	0.9200653900000001	0.9982969	0.7982969
base_motif_structure_score	LOC_Os06g05500	LOC_Os06g05500.1	99	2151	2350	CAAGGUUGGAUACUCGGACGAACCUUUUGUCCUUGCCAAUGAUGUAACGCAAGUCUUUUUCGUGAAGGACAUGUCUAGCAAAGGAAAGAAGGGCAGAGGGCCUGAUGAGCCUAAGCGUCAAGUGGUUCUCCCAGGCAAAAGAAAAAUCGUCGGAGUUGAGGACAAGAUUGACGAGGAUUACGAUCAGUUGGAUAGGCAAC	0.99829155	1.3721563	0.27699688	0.9923078	0.56107116	0.54	0.99829155	0.9846410933333334	0.977471614	0.956344971	0.977471614	0.6660987405112637
base_motif_structure_score	LOC_Os04g20440	LOC_Os04g20440.1	65	3101	3300	ACGAACCUUUUGUCCUUGCCAAUGAUGUAACGCAAGUCUUUUUCGUGAAGGACAUGUCUAGCAAAGGAAAGAAGGGCAGAGGGCCUGAUGAGCCUAAGCGUCAAGUGGUUCUCCCAGGCAAAAGAAAAAUCGUCGGAGUUGAGGACAAGACUGACGAGGAUUACGAUCAGUUGGAUGGGCAACCCCCUUUCACGGUGACG	0.99828976	1.3721563	0.50119305	0.99139386	0.57929015	0.56	0.99828976	0.98967862	0.983259332	0.9694092840000001	0.986535315	0.6960700540320773
base_motif_structure_score	LOC_Os06g16880	LOC_Os06g16880.1	66	3101	3300	ACGAACCUUUUGUCCUUGCCAAUGAUGUAACGCAAGUCUUUUUCGUGAAGGACAUGUCUAGCAAAGGAAAGAAGGGCAGAGGGCCUGAUGAGCCUAAGCGUCAAGUGGUUCUCCCAGGCAAAAGAAAAAUCGUCGGAGUUGAGGACAAGACUGACGAGGAUUACGAUCAGUUGGAUGGGCAACCCCCUUUCACGGUGACG	0.99828976	1.3721563	0.50119305	0.99139386	0.57929015	0.56	0.99828976	0.9902744533333333	0.9855136119999999	0.9743863100000001	0.987615665	0.6949853004771114
base_motif_structure_score	LOC_Os08g08300	LOC_Os08g08300.1	54	2501	2700	ACGAACCUUUUGUCCUUGCCAAUGAUGUAACGCAAGUCUUUUUCGUGAAGGACAUGUCUAGCAAAGGAAAGAAGGGCAGAGGGCCUGAUGAGCCUAAGCGUCAAGUGGUUCUCCCAGGCAAAAGAAAAAUCGUCGGAGUUGAGGACAAGACUGACGAGGAUUACGAUCAGUUGGAUGGGCAACCCCCUUUCACGGUGACG	0.99828976	1.3721563	0.50119305	0.99139386	0.57929015	0.56	0.99828976	0.98967862	0.983241652	0.961498905	0.98967862	0.709221774323767
base_motif_structure_score	LOC_Os11g18961	LOC_Os11g18961.1	63	2951	3150	ACGAACCUUUUGUCCUUGCCAAUGAUGUAACGCAAGUCUUUUUCGUGAAGGACAUGUCUAGCAAAGGAAAGAAGGGCAGAGGGCCUGAUGAGCCUAAGCGUCAAGUGGUUCUCCCAGGCAAAAGAAAAAUCGUCGGAGUUGAGGACAAGACUGACGAGGAUUACGAUCAGUUGGAUGGGCAACCCCCUUUCACGGUGACG	0.99828976	1.3721563	0.50119305	0.99139386	0.57929015	0.56	0.99828976	0.98967862	0.9821516920000001	0.9676901219999999	0.986535315	0.69828976
base_motif_structure_score	LOC_Os12g31030	LOC_Os12g31030.1	63	2951	3150	ACGAACCUUUUGUCCUUGCCAAUGAUGUAACGCAAGUCUUUUUCGUGAAGGACAUGUCUAGCAAAGGAAAGAAGGGCAGAGGGCCUGAUGAGCCUAAGCGUCAAGUGGUUCUCCCAGGCAAAAGAAAAAUCGUCGGAGUUGAGGACAAGACUGACGAGGAUUACGAUCAGUUGGAUGGGCAACCCCCUUUCACGGUGACG	0.99828976	1.3721563	0.50119305	0.99139386	0.57929015	0.56	0.99828976	0.99200012	0.984315432	0.9675186900000001	0.9878775399999999	0.69828976
base_motif_structure_score	LOC_Os03g45519	LOC_Os03g45519.1	73	3401	3600	ACAGUGGGAUGACAACGGUUGACCUUAACAAGGUUGGAUACUCGGACGAACCUUUUGUCCUUGCCAAUGAUGUAACCCAAGUUUUUUACGUCAAGGACAUGUCUAGCAAAGAAAAAAAGGGCAAAGGGCCUGACGAGCCGAAGCGCCACGUGGUUCUCCCAGGAAAAAGAAAAAUCGUUGGAGUAGAGGACAAGACUGAC	0.99827886	1.04635	-0.087792106	0.99532384	0.5657111	0.485	0.99827886	0.9933469533333333	0.9872488580000001	0.9712963240000001	0.9897625475	0.6878061917185525
base_motif_structure_score	LOC_Os05g13940	LOC_Os05g13940.1	35	1401	1600	CCAGUGACGGCGAUCACCGGAGACCGAGCACUUGCUGCUGCACGAUUGAGGCAUUGACGACAUUAUUUCGCCAGAGGGAGGAGCGAGCGAGUCACUACACUGUACCGUUUCUGGAAUAAAGUGAUGAGCUAGCUUUCUGCUUGCUUUUUUUCCCUUUUAUUUCACGUUGUUUUUUCAGAUGUGCCACUGCUAGCUAGUGU	0.9982766	2.4553025	0.47542775	0.9751245	0.6107657	0.55	0.9982766	0.9906231766666665	0.944122586	0.8093069319999999	0.9937039649999999	0.7397803499278843
base_motif_structure_score	LOC_Os04g26020	LOC_Os04g26020.1	10	301	500	AAGGUUGGAUACUCGGACGAACCUUUUGUCCUUGCCAAUGAUGUAAAGCAAGUCUUUUUCGUGAAGGACAUGUCUAGCAAAGGAAAGAAGGGCAGAGGGCCUGAUGAGCCUAAGCGUCAAGUGGUUCUCUCAGGCAAAAGAAAAAUCGUCGGAGUUGAGGACAAGACUGACGAGGAUUACGAUCAGUUGGAUGGGCAACC	0.99827504	1.3721563	0.47160026	0.99144673	0.5920062	0.52	0.99827504	0.9790203933333332	0.9672328799999999	0.854765564	0.99827504	0.8253034590681352
base_motif_structure_score	LOC_Os01g04920	LOC_Os01g04920.2	87	151	350	CGAGCUCCUCCUCCUCCUCUUCCUUGCUCCACCACAACACCGUCGACUCGAGGCGCACGCAAACGCCGGUAGCGAGGAGAAGGAUUGCUUCUUCUUUUUUUUUUGUGUGUGUGCUGUGUUCUUGGGUUUCUUGGCAAUGGUGAUUGGGGCCGAGAUCAAGGACGAGAUGGAGGAGGCGCCGCCGCUGCUGCUCGACGAGG	0.99826896	2.61376	1.5506271	0.951119	0.7064484	0.65	0.99826896	0.99826896	0.998255992	0.9928784100000001	0.998255992	0.6752973790681351
base_motif_structure_score	LOC_Os03g46570	LOC_Os03g46570.1	23	901	1100	CAAGGGGUGCGGCGAGGCGGCGGCCGUGGUGCUGCUCCUGCCGUGCCGGCACCUGUGCGCGUGCGCGCCGUGCGCGGCGGCGGCGGCGGCGUGCCCGGCGUGCGGGUGCGCCAAGAAUGGCAGCGUCAGCGUCAACUUUUCGUGAGCGAUGGCGGAGGGAAAGGAGUAAUAGCAAUUAGACUAGAUUUUUUUUCUUUUCU	0.99826837	2.4153688	1.7347493	0.9558174	0.72445464	0.68	0.99826837	0.9947503700000001	0.9894118500000001	0.962676182	0.997484655	0.7690202449639422
base_motif_structure_score	LOC_Os09g36740	LOC_Os09g36740.1	37	1501	1700	GCCGCCGCCGCAGAACGGAACGACAAUUGCUGCAAGCCGGCGCCGCCGGCGGGCUGCGACACGAGCCCGGCGAUGAAGGAGAAGAUCGGGAAGAGGCUGAGGAUCUUCCAGGACAUCACACAGACACUGAACACUUUCUGAUUUGAGUUCUUGAUUUUUUUUUCUUUUCUUUGCAACUCACAGCAGCAGCCGUGGCGACG	0.99826604	2.5738268	0.88335836	0.9657778	0.6255685	0.595	0.99826604	0.9938046466666667	0.9798170900000001	0.9271500179999999	0.99812702	0.7358696643278206
base_motif_structure_score	LOC_Os12g34220	LOC_Os12g34220.1	39	1	200	ACUCGACUUCUCGAGGGGGUGGAGGCAAGAGCGCGAGACGCGAGGAGAGGGUUAGGGUUUUAGCCAGCCUCGGCGAGAAGCGGAGUGAGGGAGGCGGCGGUGGUCGCGCGCGCCUGUCUCCUCUUCCGCCGUCGUCUCGGCCGUCUCCGCCCUGCUCCUUUUUUUUUUUUUUGUUUUCCCCUUCCGGUCGUUGUGGCGAA	0.99826235	2.61376	1.5226184	0.95158875	0.7110803	0.685	0.99826235	0.99469545	0.9895318380000001	0.965061023	0.996708675	0.7321659452556318
base_motif_structure_score	LOC_Os03g09290	LOC_Os03g09290.1	13	151	350	CGAGCGUUGCGGGGAUUUUGAUCCAUCAUCGAUCUGGACGUUUUGGUUUUUUUUUUUUUGGGGGGGUGGGGGGGGAAUUGUGGUGUUGGUUGGGGGGGAUGGGGUUGCUGUUCGUGCAGCGACUGGACGGGAACGGGGUGUUCAAGUGCAGGCGAUGCCGCGUCGACGCCGCGUCCAAGGACGCCAUCAUCUCCAAGGAG	0.9982615	2.5738268	1.1341276	0.96128637	0.6573061	0.635	0.9982615	0.9974450166666666	0.9893202820000001	0.9336097000000001	0.9982615	0.8078937538971198
base_motif_structure_score	LOC_Os05g13990	LOC_Os05g13990.1	61	2851	3050	GUUGACCUUAACAAGGUUGGAUACUCGGACGAACCUUUUGUCCUUGCCAAUGAUGUAACGCAAGUCUUUUUCGUGAAGGACAUGUCUAGCAAAGGAAAGAAGGGCAGAGGGCCUGAUGAGCCUAAGCGUCAAGUGGUUCUCCCAGGCAAAAGAAAAAUCGUCGGAGUUGAGGACAAGACUGACGAGGAUUACGAUCAGUU	0.9982571	1.3721563	0.56757843	0.9909376	0.592616	0.56	0.9982571	0.9866638666666666	0.97995374	0.9627827910000001	0.9838918	0.7005472844806562
base_motif_structure_score	LOC_Os07g29980	LOC_Os07g29980.1	58	2701	2900	GUUGACCUUAACAAGGUUGGAUACUCGGACGAACCUUUUGUCCUUGCCAAUGAUGUAACGCAAGUCUUUUUCGUGAAGGACAUGUCUAGCAAAGGAAAGAAGGGCAGAGGGCCUGAUGAGCCUAAGCGUCAAGUGGUUCUCCCAGGCAAAAGAAAAAUCGUCGGAGUUGAGGACAAGACUGACGAGGAUUACGAUCAGUU	0.9982571	1.3721563	0.56757843	0.9909376	0.592616	0.56	0.9982571	0.9866638666666666	0.9790568799999999	0.9622994739999999	0.9866638666666666	0.7041249475319079
base_motif_structure_score	LOC_Os09g26240	LOC_Os09g26240.1	67	3151	3350	GUUGACCUUAACAAGGUUGGAUACUCGGACGAACCUUUUGUCCUUGCCAAUGAUGUAACGCAAGUCUUUUUCGUGAAGGACAUGUCUAGCAAAGGAAAGAAGGGCAGAGGGCCUGAUGAGCCUAAGCGUCAAGUGGUUCUCCCAGGCAAAAGAAAAAUCGUCGGAGUUGAGGACAAGACUGACGAGGAUUACGAUCAGUU	0.9982571	1.3721563	0.56757843	0.9909376	0.592616	0.56	0.9982571	0.9832157533333333	0.9769437719999999	0.968416604	0.979552765	0.693883957937483
base_motif_structure_score	LOC_Os12g35660	LOC_Os12g35660.1	63	2851	3050	GUUGACCUUAACAAGGUUGGAUACUCGGACGAACCUUUUGUCCUUGCCAAUGAUGUAACGCAAGUCUUUUUCGUGAAGGACAUGUCUAGCAAAGGAAAGAAGGGCAGAGGGCCUGAUGAGCCUAAGCGUCAAGUGGUUCUCCCAGGCAAAAGAAAAAUCGUCGGAGUUGAGGACAAGACUGACGAGGAUUACGAUCAGUU	0.9982571	1.3721563	0.56757843	0.9909376	0.592616	0.56	0.9982571	0.9866638666666666	0.98099588	0.9646449520000001	0.9838918	0.6982571
base_motif_structure_score	LOC_Os08g36080	LOC_Os08g36080.1	60	2801	3000	ACGAACCUUUUGUCCUUGCCAAUGAUGUAACGCAAGUCUUUUUCGUGAAGGACAUGUCUAGCAAAGGAAAGAAGGGCAGAGGGCCUGAUGAGCCUAAGCGUCAAGUGGUUCUCCCAGGCAAAAGAAAAAUCGUCGGAGUUGAGGACAAGACUGACGAGCAUUACGAUCAGUUGGAUGGGCAACCCCCUUUCACAGUGACG	0.9982521	1.3721563	0.5890038	0.990815	0.5815513	0.57	0.9982521	0.9889414333333333	0.9834132199999999	0.9701717999999999	0.9889414333333333	0.7017152331218557
base_motif_structure_score	LOC_Os07g33110	LOC_Os07g33110.5	218	2101	2300	UAUCAGAAGUCGACACGGAUAAUGAUGGGAGGAUUAACUACGAGGAAUUUUGCGCUAUGAUGAGAGGAGGGGGGAUGCAGCAGCCUAUGAGGCUCAAAUAGUCUGUUUCCUUGUAGAAAAUGAUGUACAAUUACAUUAGUAAACUGUUUUCGCCUUCUUUUUUUUGUUCCAUGGAUGGUAGUCGACGGAUAAAAGGUUUA	0.9982497	2.61376	-0.570829	0.9823276	0.56127703	0.37	0.9982497	0.9980166733333333	0.997562898	0.995049876	0.9944702281818182	0.6095103470199413
base_motif_structure_score	LOC_Os07g17350	LOC_Os07g17350.1	41	1851	2050	UGUUGACCUUAACAAGGUUGGAUACUCGGACGAACCUUUUGUCCUUGCCAAUGAUGUAACGCAAGUCUUUUUCGUGAAGGACAUGUCUAGCAAAGGAAAGAAGGGCAGAGGGCCUGAUGAGACUAAGCGUCAAGUGGUUCUCCCAGGCAAAAGAAAAAUCGUCGGAGUUGAGGACAAGACUGACGAGGAUUACGAUCAGU	0.9982494	1.3721563	0.44768205	0.99142283	0.59646964	0.55	0.9982494	0.98642738	0.97983876	0.963117953	0.98642738	0.7286335288610619
base_motif_structure_score	LOC_Os05g39610	LOC_Os05g39610.1	98	151	350	GCCGUUCCAGCCCCGGAGGUGAGGUAGCUCGACGUCUGCUUGUGUUUUUUUUUUCUUUCCCCGGCGCGGAUUACUGAGGCGAUGGCGGAGGACGGGGAGGAGAAGCUGCUCGCGACGGUGCAGCACAUCGUGCAGACGCUGGGGAGCAGCGACACCAUGACGGAGGACAUCCUCAGGGUCUUCUCCAACUACGACGGCCG	0.99824274	2.5738268	1.0777317	0.9619308	0.657595	0.625	0.99824274	0.9973682566666667	0.985015282	0.9608718540000002	0.985015282	0.6667749089960195
base_motif_structure_score	LOC_Os04g12400	LOC_Os04g12400.1	59	2751	2950	UAACAAGGUUGGAUACUCGGACGAACCUUUUGUCCUUGCCAAUGAUGUAACGCAAGUCUUUUUCGUGAAGGACAUGUCUAGCAAAGGAAAGAAGGGCAGAGGGCCUGAUGAGCCUAAGCGUCAAGUGGUUCUCCCAGGCAAAAGAAAAAUCGUCGGAGUUGAGGACAAGACUGACGAGGAUUACGAUCAGUUGGAUGGGC	0.9982418	1.3721563	0.3100896	0.9919538	0.5519686	0.54	0.9982418	0.9808617566666666	0.972477162	0.9582752400000001	0.9808617566666666	0.7028972702195739
base_motif_structure_score	LOC_Os07g16810	LOC_Os07g16810.1	126	3351	3550	UAACAAGGUUGGAUACUCGGACGAACCUUUUGUCCUUGCCAAUGAUGUAACGCAAGUCUUUUUCGUGAAGGACAUGUCUAGCAAAGGAAAGAAGGGCAGAGGGCCUGAUGAGCCUAAGCGUCAAGUGGUUCUCCCAGGCAAAAGAAAAAUCGUCGGAGUUGAGGACAAGACUGACGAGGAUUACGAUCAGUUGGAUGGGC	0.9982418	1.3721563	0.3100896	0.9919538	0.5519686	0.54	0.9982418	0.9885028	0.984284366	0.9733945760000001	0.9792828328571428	0.6488075656613916
base_motif_structure_score	LOC_Os05g36340	LOC_Os05g36340.1	15	451	650	GACGGGAGCGCGCGGGCAGCGGAUCCGGCGUCGGUGAAGGUAACGGACGGCGGAUCCGUCGCCGGCAACCACGGGGGCGACGGCGGCGCGCCUCGGCUAGGGUGGCGGUGCCGGCGGCGGCGGCUGGAUUAGGGUUAGGGUUUGUUUUUUCUUUUUUUUUGUUUCGAUUUUUUAUUUUCCCGUGCGGGCGGCUUAAGCCC	0.9982395	2.61376	0.57694507	0.968876	0.6194998	0.575	0.9982395	0.9971162800000001	0.994101328	0.9374147840000001	0.9982395	0.7982395
base_motif_structure_score	LOC_Os03g64010	LOC_Os03g64010.1	11	401	600	GCGGUGGUGGCGUUGGGUGGAUCCGGCGGCAGCGGUGGCAGCGGCGAGUGGAUCCGGCGGCGAUGGCGGCAGCCGAGGGCGAUUCGGCAGCAGUCGGUGGUGGUGGCGUCAGUGAUGGCCGUAGGUGGAUCCGGCGGCGGUGGCGGCGGCCGAGGGUGGAUCCGGUCGCCUUUUUUUUCGCCCGAAUUUGUUUCUUUUUC	0.9982346	2.61376	0.4084116	0.9712427	0.6204561	0.535	0.9982346	0.9969780666666667	0.9907746879999999	0.8906676739999998	0.9982346	0.8189864749639422
base_motif_structure_score	LOC_Os03g45250	LOC_Os03g45250.1	28	101	300	CGGCGGCGGCGGUCUGGUUCUUCUUGAUGCGAGGCUAGCUGACGUUUUUUUUUUGGUUGGCUUCUCGAUCGUUGGAGGGGUGUUUUUUUGGUCGGAGAAAGCGCGACGACGUGGUUGAAUUGCUCCGGUGAGUGUGUUGUGUUUGAGCUGCCGAUGAAGGUGGCGGUGGAUCAGGGGAGCAGCGGAUCGGUGGAGGCGAA	0.99823207	2.5738268	1.0752231	0.96175355	0.66911924	0.62	0.99823207	0.9967228599999999	0.991726162	0.9738321089999997	0.997490915	0.7553330202436215
base_motif_structure_score	LOC_Os12g05110	LOC_Os12g05110.1	42	101	300	GGAGAGGAAGAAGAACAAGAGCCGCCACCGCCGCCGUUAGGUUUUUAUUUAUUUUUUUUCUCGAUCUGAUCCGAGGAGGAGCGAAGCGAAGAAGGGCAAGAUGCAUUCGACGAAUCUGCUGCUGGAGGAGCCCAUCAGGAUGGCAUCCAUCCUGGAGCCAUCCAAGCCCAGCUUCUUCCCGGCGAUGACCAAGAUCGUGG	0.99822	2.4153688	0.6091626	0.9736468	0.63106227	0.56	0.99822	0.9963859333333334	0.9878324060000001	0.9557081139999999	0.9963859333333334	0.726906762264895
base_motif_structure_score	LOC_Os01g67290	LOC_Os01g67290.1	143	351	550	GCCGAUUUGACCCCGGGGAAUCGCUGCUUUUUUAUUUUUUUGAAAAGAUAAUUCUACGCGGAUUAGAUUUGGUCAAGAAGUCGUAGUACGAACGCGAGGUUUGAUCUUGGUUUCGAUCCGAAGGGUCUCGGUUGGCUGCGUGGGAAGGGGGAGGAGGAAGAAGGCGACCUGCUAUCUAAUCCUCUACCCCCUCUGCUGCG	0.9982187	2.1807837	1.0657848	0.9737874	0.6970659	0.59	0.9982187	0.9955323333333332	0.99494644	0.992116392	0.9940637575	0.6397224499278844
base_motif_structure_score	LOC_Os07g09870	LOC_Os07g09870.1	32	101	300	CCGCCGACGUGCCGGACUCCGGCCGCACCACCGGCCACCGCGCUAGCUCCGCUUCAGGUAAAUCCCCUGAGCAGAGAAGAUGGGUUGAAAUCUCAUCCGUUUUUUUUUGAUUUGAGGUCUCCUACCUCCGGCGAUGGAGUCGGCGGCGGCGGCGGCGGGGUGGGGGCUCGGAGCCGUGGACGGCGUCCUGCCGCCGGAGC	0.99821824	2.5738268	1.5560071	0.95150435	0.70869476	0.66	0.99821824	0.9974141633333332	0.9864966379999999	0.955800056	0.99812727	0.7459985340320774
base_motif_structure_score	LOC_Os03g51680	LOC_Os03g51680.2	56	1251	1450	UGUACAGUGUUAUGUUUCAGUUUUCUCAAAGAAAGCUCUAGAGCGCAACGUGGAAUGAUGCUCUCAUCAGUUUUUUUUUCAUUCAGAAAAUGAUGAUUUAGCAUAUAGUCGAGUCUCGAGACAUCAUCGAUGGAGCGGCAUGAGGUCUUCGCCGUCCGCUUCUAGAGAGAUGAGAAUCAAAUUGUCCUGGUGACCGAGUC	0.99821305	2.5738268	0.75542927	0.9668796	0.6358295	0.58	0.99821305	0.9978568833333333	0.99638453	0.9772129569999999	0.9978568833333333	0.706568549291763
base_motif_structure_score	LOC_Os04g24414	LOC_Os04g24414.3	127	701	900	CCCUACUCCCGUCGCUGUCCACCCCUUUUUUUUAGGAUCGGCGAAUGGCGGGCGAGAUCCGGGCUGGUUGUCGGCGUUGGAGGUGUGGCGGCGCGUCGUCCAGUUGUGAGUUGGCAAUAGGACGGUGGCCGCCAUCCAACCAUCAGGCGCCACCCUUGCCCCCUUCCUGUCCUCAUCGCCGGAUGUGACGAGGACCUCGG	0.99820876	2.61376	1.6479342	0.9471161	0.7038043	0.69	0.99820876	0.9982087600000001	0.997812272	0.9968112290000001	0.9974099914285715	0.6482087599999999
base_motif_structure_score	LOC_Os09g17580	LOC_Os09g17580.1	14	551	750	GGGAAGGAGAAGGAGGAGGAGAAGGUGGAGGUGGUGGUGGCUGUGGAGAAGGCGAUCUUGGUGGAAGAUUUCGCGUGAGCUCGAUUGGUAACUCUACUACUACCUUCGAGCAUAGCUUGAGCAAAGAUGUGAGCUACCUUUUUUUUUUUUCUAUUUCAGUUUGUUUUGUUCAAGCAAAGAGUCUCUAAAUCCACUACGAG	0.9982033	2.61376	1.0119684	0.96084356	0.65883183	0.6	0.9982033	0.9935089666666667	0.9785218200000001	0.9464371460000003	0.9982033	0.8028587702195741
base_motif_structure_score	LOC_Os07g03060	LOC_Os07g03060.1	55	2601	2800	CAGAUUAUUCUGCGGCAGCGACCACGUCGGCGGCUCCGCCAUGGAUGAUCGGCGAGGAAACGUGCCGACGAAUGGGUCGUGUAUUUUCUUAAAAAAAGAAAAAACCGAACCAAGGGGUUCGGAGAUUAAAACUCCGACUCCUCUAACCCUCACCUUUUUUUUUUGAGUGGAACGAUGAUUUAUCGCUUCAUUUUUCUCUC	0.9981881	2.61376	0.95670277	0.961559	0.62621444	0.605	0.9981881	0.99473725	0.9885040359999999	0.9712551599999999	0.99473725	0.7078203538971198
base_motif_structure_score	LOC_Os03g03860	LOC_Os03g03860.3	205	3451	3650	GGACGUCGGCGCGGCCGGCGCAGAGAUGGAGGCGGAGAUACUGGACGAGCUCGUCGACGAGACGCUCUGGGACGUGCUGCUCAACGUCGGCGACUGAUUGACUGACUGAUCGGUCUCGUGGAUCAACUCCUUGAGUAUACCUGUACAUUUUGGGGCGUGUUUUUUUUUUUCGUUUUGUUUAACUCUGCUUUUCAGAGUGC	0.9981799	2.5738268	1.0701326	0.9607644	0.662457	0.625	0.9981799	0.9969258833333333	0.994208488	0.9846961569999999	0.9826572654545455	0.6138548736408391
base_motif_structure_score	LOC_Os06g40560	LOC_Os06g40560.1	32	1251	1450	UGUCAUUCAUGAAGAUUUCAUGAAGGCGGUGCGCAAGCUGAACGACGCCAAGAAGCUCGAGUCUAGUGCGCACUACAGCGCGGACUUUGGCAAGGAAUGAGGCUGAUUUGGUGAUGUGCUGACUUCUUUUUUUUUCUCCAUGGGGGAGGAACUGUCAUGCUGAUCCUACUCCUCACUUGCAAAAAUCCUGCGAUGAUGAU	0.9981785	2.61376	1.1119777	0.9583736	0.6611751	0.605	0.9981785	0.9935955833333333	0.979847898	0.950506095	0.997519025	0.7459587940320773
base_motif_structure_score	LOC_Os02g08290	LOC_Os02g08290.1	50	2301	2500	UAACAAGGUUGGAUACUCGGACGAACCUUUUGUCCUUGCCAAUGAUGUAACGCAAGUCCUUUUCGUGAAGGACAUGUCUAGCAAAGGAAAGAAGGGCAGAGGGCCUGACGAGCCUAAGCGUCAAGUGGUUCUCCCAGGCAAAAGAAAAAUCGUCGGAGUUGAGGACAAGACUGACGAGGAUUAUGAUCAGUUGGAUGGGC	0.9981658	0.9270415	0.19449659	0.99490815	0.5459567	0.53	0.9981658	0.9757100566666667	0.968280826	0.9554363369999999	0.9757100566666667	0.7145445329014253
base_motif_structure_score	LOC_Os01g50980	LOC_Os01g50980.1	38	1844	2043	AAAAUGUCGAUUGCGCAAUUGUGCGUAUAAUGAAGGAUAGGAAGACAUUGGAUCAUGAGAAACUCGUGGAGGAAUGCAAGAAGUUGUGUGAUCCUUAUUUCAAGGUCGAUGACGACCUCAUACAAAUGAGGAUCGAUCAUCUUGUAGCCGAAAAUUAUCUUGCUCGCAAGGAGGGUUGUACGUACGAAUACUUGCCGUAG	0.9981652	0.2168555	0.9082356	0.99641716	0.6342598	0.59	0.9981652	0.9923670333333333	0.9758990539999999	0.9249562680000001	0.9970371	0.7338950890568876
base_motif_structure_score	LOC_Os08g02680	LOC_Os08g02680.3	85	501	700	CCGAAAUACGGACGCAUUGGUUGGAUGACAGCAGACAUCAGCCCAUGAUUAAGCGUUGCGGGCGGCGACGACGACCUUGCCGUAUCUGUGUAAGUGAUGAGUUUUAUGGAGUCUUUAUUCUUCAGACUACUGGAAGUUUCUUUUUGUCCAACCAGGUUCUUGCGAUGUACUGGAAGUUCCUAAACCUUUUUUUUUCCUGA	0.9981651	2.61376	0.10071883	0.9742891	0.58260036	0.51	0.9981651	0.9954090833333332	0.9879502199999999	0.969839192	0.9879502199999999	0.6768518622648951
base_motif_structure_score	LOC_Os02g04740	LOC_Os02g04740.1	20	751	950	AACCGCGAGUUCCUCGACCGCACCACCACCGACGGCACCACCGCGUCGUCGCCGGCGCCGGCGACGCGGCCGGCGAAGGGCGGCGGUUGCUGCGGCCGCAAGGUGAGAGUCAACGAGAGCUGAUGCCAACCGCCGGAUCGCAAUCGGACGGACGUGGUUUUUUUUAUUUUUUUAUUUUAAAGAGAAGAGAAGGAACUACU	0.99816483	2.5738268	1.4162859	0.95332813	0.6830309	0.645	0.99816483	0.9938817100000001	0.9686946580000001	0.931254544	0.99816483	0.7785489588610619
base_motif_structure_score	LOC_Os01g10380	LOC_Os01g10380.1	58	2651	2850	GGAUGACAACGGUUGACCUUAACAAGGUUGGAUACUCGGACGAACCUUUUGUCCUUGCCAAUGAUGUAACGCAAGUCUUUUACGUGAAGGACAUGUCUAGCAAAGGAAAGAAGGGCAGAGGGCCAGACGAGCCUAAGCGUCACGUGGUUCUCCCAAGCAAAAGAAAAAUCGUCGGAGUUGAGGACAAGACUGACGAGGAU	0.99815816	0.51754737	0.75893706	0.9954952	0.59945846	0.6	0.99815816	0.9927685	0.9834281	0.97121943	0.9927685	0.7040260075319079
base_motif_structure_score	LOC_Os01g07840	LOC_Os01g07840.1	114	2201	2400	ACUUGGCUCUAGUUCGCGCCAGAAAUAUCGGCGUAACGAUUGAUGACAGUAGGAUGACAACGGUUGACCUUAACAAGGUUGGAUACUCGGACGAACCUUUUGUCCUUGCCAAUGAUGUAACGCAAGUUUUUUACGUGAAGGACAUGUCUAGCAAAGGAAAGAAGGACAAAGGGCCUGACGAAUCGAAGCGCCACGUGGUU	0.9981573	1.04635	0.5066361	0.99327374	0.60503566	0.56	0.9981573	0.9952406000000001	0.989183242	0.9759399889999999	0.986738285	0.6558827974527812
base_motif_structure_score	LOC_Os11g45480	LOC_Os11g45480.1	40	1801	2000	AAGGUUGGAUACUCGGACGAACCUUUUGUCCUUGCCAAUGAUGUAACGCAAGUUUUUUACGUGAAGGACAUGUCUAGCAAAGGAAAGAAGGGCAAAGGGCCUGACGAGCCGAAGCGCCACGUGGUUCUCCCAGGCAAAAGAAAAAUUGUCGGAGUAGAGGACAAGACUGACGAGGAUUACGAUCAGUUUGAUGGGCAACC	0.9981565	1.04635	0.61565286	0.99289685	0.59970963	0.56	0.9981565	0.9913890666666667	0.98202134	0.9616060790000001	0.9935632	0.7302788997690959
base_motif_structure_score	LOC_Os12g29190	LOC_Os12g29190.1	115	5451	5650	UUUGCGUACUACGCCCAGUCGGGCCACGGGCCAGUCACCUUUUUUCCUUGUCUAUGGGGCAGAAGCAAUGUUGCCAAGUGAAGUUGAAUUCGAGUCUUUGCGCUUUCGAAAUUUCCGUGAAGAUCGCUACGAAGAGGACCGAGUGGAUGACUUGCACCGAUUGGAAGAAGUCCGCGAAGCAGCUUUGAUUCGGUCGGCUC	0.99815506	2.2058592	0.59320974	0.9779254	0.6363315	0.555	0.99815506	0.9917863366666667	0.988326118	0.983426741	0.9870576816666666	0.6552560102436213
base_motif_structure_score	LOC_Os05g40200	LOC_Os05g40200.1	55	251	450	GGGGCGGGCGUUGUUUCUUGGAGCAGUUCUUGGUGGGGGUGGUUCUGACGCUGUGUUGAGUGGCUCUCGCCCUAGUUAAGCCGGCGGCGACUGGAAGGGGUUUCCGCACCGGAGAGGCGAGCGGCGGCGGCGCGGCGGCGGGCGGUUUCUUGAUCCGUGUGGCCGGAAAGGUCGGAUUUAUUUUCUUUCUUUUUUUUUCU	0.9981542	2.61376	0.49798125	0.9686378	0.6006355	0.545	0.9981542	0.9974767299999999	0.9930180639999999	0.9766327650000001	0.9974767299999999	0.7077864538971198
base_motif_structure_score	LOC_Os11g12770	LOC_Os11g12770.1	63	2951	3150	UUGACCUUAACAAGGUUGGAUACUCGGACGAACCUUUUGUCCUUGCCAAUGAUGUAACGCAAGUCUUUUUCAUGAAGGACAUGUCUAGCAAAGGAAAGAAGGGCAGAGGGCCUGAUGAGCCUAAGCGUCAAGUGGUUCUCCCAGGCAAAAGAAAAAUCGUCGGAGUUGAGGACAAGACUGACGAGGAUUACGAUCAGUUG	0.99814034	1.258543	0.5661091	0.99137044	0.59234446	0.56	0.99814034	0.9893257333333333	0.9816523800000001	0.9689792269999999	0.985401425	0.6981403399999999
base_motif_structure_score	LOC_Os10g12730	LOC_Os10g12730.1	37	1501	1700	CGCUUAAAGGCUGAACUGGAGAAGGAGAAGGCCCACUCCGCCGUGCUCACAGAUUACUACAACCUCACCGAGCCGAAGAUGGAGGCUCUUCGGCAGGAGGUUCUCAAGGCCGAAGCAAGCACUGCGGAGGAGUCGCGCCAUUUUUCGUGGGAAAUGGCUGGUGGUUCAAUUUCGGACUGCGCCACCGCAUACGACGACUG	0.99813986	1.2104368	0.256737	0.9929416	0.572426	0.515	0.99813986	0.99452895	0.9922645360000001	0.9881610530000001	0.996428995	0.7357434843278208
base_motif_structure_score	LOC_Os12g22890	LOC_Os12g22890.1	7	101	300	ACAGUGGGAUGACAACUGUUGACCUUAACAAGGUUGGAUACUCGGACGAACCUUUUGUCCUUGCCAAUGAUGUAACACAAGUCUUUUUCGUGAAGGACAUGUCUAGCAAAGGAAAGAAGGGCAGAGGGCCUGAUGAGCCUAAGCGUCAAGUGGUUCUCCCAGGCAAAAGAAAAAUCGUCGGAGUUGAGGACAAGACUGAC	0.99813217	1.3721563	0.30335492	0.99148434	0.57103753	0.53	0.99813217	0.99591647	0.9775966440000001	0.9468037885714287	0.99813217	0.84813217
base_motif_structure_score	LOC_Os09g13920	LOC_Os09g13920.1	23	1	200	CUCCUCUUCUCUCUUCUCCUCCCCACGCGACGCGAUAACGUGUUGAUUUUUUUUAUUUUUUUUGAAAUAUUUUUUGUUGGGUUUUUUGCUCGGCGGCGCCGCGGCGGCGGUGGCGGAGGCGGGGAUGAUGGAGACGGCGGCGGCGGCGAUGCUGGAGGCCGGGGUGGGGAGGUUCCGGGGGCCGAGCGUGGCGGCGCUGC	0.9981274	2.5738268	1.4046321	0.9526828	0.6817292	0.67	0.9981274	0.97450159	0.953903822	0.9261095530000001	0.99772957	0.7688792749639421
base_motif_structure_score	LOC_Os08g39450	LOC_Os08g39450.1	22	1020	1219	UUGUGAAUUGCCCUGACAGCUCAAUCAUUGACGCUACUUGGAGCCAUCCAUUAGUAGUUGAACCGGAUUGGAUUAGUUCGCCUGGCAUUAUUGGUAGGUCCAAGUUGCGUACACUAAUUAUUUCCCUGUUCUUUUUUUAAAUUUUUUUAAGAUAGGUAACCGUCCUGUAUUCGAAUUGAUUAAAAAUCGUAUUGAUACCA	0.9981267	2.61376	-0.055430483	0.97568715	0.5899142	0.47	0.9981267	0.9957431133333333	0.992938758	0.9736223239999999	0.9965406	0.7719486021971493
base_motif_structure_score	LOC_Os02g37880	LOC_Os02g37880.2	153	201	400	AGGACGCGAGCCCCAGAGGAGUACGGAGGAGCCUUCGAUCUAAUAGUGGAUUUUCAUUUAUAUUCGUAGGGGCACGCGGAAAAAAAAAUAAUGUGGAGGUUCAAUCCCUUCGGGGGGAAAGUACAAAAUGGAUUGGAAGGUCGCACCAUUGAUGUUGGCAACAUUAAGAUUACAGUACGCAAUGCUAUUGCACAAGGAGG	0.99812216	-0.14958633	-0.6063873	0.99880517	0.53257596	0.445	0.99812216	0.9957194533333333	0.990130478	0.9817189690000001	0.98507755625	0.634782832965255
base_motif_structure_score	LOC_Os10g41250	LOC_Os10g41250.1	37	1601	1800	ACAAGAAGGCGGAGGAGUUCAUCGCCAGGUUCAGGGAGCAGAUCAGGCUGCAGAGAAUCGAGUCGAUAAAGAAAUCCGCGGGGCCGCGUGGUGUCAAGCACGGCAAGUAGCUCGCCCGCCGCCCGCCGCCGGCGAUCACCGGCGCCACUUUUUUACUUUUUUUUUUGUUCUCGUUUUGAGCAGAGAUAGAUAGUACGGUA	0.9981207	2.653693	1.0362357	0.9570232	0.63711846	0.615	0.9981207	0.9904658333333334	0.9813501500000001	0.9621476410000002	0.996037175	0.7357243243278206
base_motif_structure_score	LOC_Os01g26090	LOC_Os01g26090.1	3	53	252	UCGAUUCGAUCUGGUCAAACAGGGAAGUCGGGAGGGGAUCGAUGAAGUAUGAGGCCCAGGUCGCAUUUGGGCUGCUUUUUUUUUCCAAACAACCGUUCAUGGAUAUUUGGGAUGCACAAUUUUUCCAAAAAUAUACCGUCGAUUUCGUACAACCAUUGCACGAAAAUGACGUGGGCGUGACGUCGCGGGUGGUAUUUUAA	0.9981142	2.61376	0.092801526	0.9736961	0.60635203	0.48	0.9981142	0.9967402000000001	0.9967402000000001	0.9967402000000001	0.9981142	0.8981142
base_motif_structure_score	LOC_Os03g10750	LOC_Os03g10750.1	61	2801	3000	AGAGGUGGUGGCCGGGAUAACCAUCACCGGAGAGACCGUGCGAUGAAGAAGCAUAUGCAAGGAUUGACAGGGCUUUAGUUGAUGGUUUUCACCAUCGUUUUUCAUUGCGGGAACUGUAAAUGUGACAGUAUUUUUUUUUGACGUGGUCUAGACUCGGCCAAAGCAUACGAUGCCUUGAAGCAUCCUUAUGAUUACUACUC	0.9981127	2.5738268	1.2244291	0.95625573	0.662175	0.655	0.9981127	0.9857324633333334	0.970850868	0.940472997	0.9793630475	0.7004028844806562
base_motif_structure_score	LOC_Os05g16690	LOC_Os05g16690.1	78	3601	3800	ACAGGCCAGUCACUUUUUUUCCUUGUCUAUGGGGCAGAAGCAAUGUUGCCGAGUGAAGUUGAAUUCGAGUCUUUGCGUUUUCGAAAUUUUCGUGAAGAACGCUACGAAGAGGACCGAGUGGAUGACUUACACCGAUUGGAAGAAGUCCGCGAAGCGGCUUUGAUUCAGUCAGCUAGAUACUUACAAGGGUUGCGGCGUUA	0.9981086	2.4553025	1.322445	0.9589881	0.665289	0.66	0.9981086	0.9962687	0.9928840820000001	0.9811290899999999	0.9947618625000001	0.6829195625911448
base_motif_structure_score	LOC_Os08g35110	LOC_Os08g35110.1	19	551	750	GGCCGUGACGGCGGCGGCGACGCGCCGGAGUUGGAAGCUUCCAGAAGCUGCGGUAAAAUCUUUCGAAAAAAAAAAUCUGUGUUUUGGUAGGGGUAGAAGUGAAAUUUCGGACGCCGGGGUCGAAGUGAAGAGUACGAAGCGGCAGCUAGCGUUUUUUUUUUACUUAACCCCGGCGUCGGUGCUAAUUGGGGAAUUUACCA	0.99810755	2.5738268	0.5754864	0.9679046	0.6379033	0.535	0.99810755	0.9955126833333333	0.9840722019999999	0.9611978639999998	0.99810755	0.7820111452556318
base_motif_structure_score	LOC_Os09g25340	LOC_Os09g25340.1	51	2451	2650	AACGGUUGACCUUAACAAGGUUGGAUACUCGGACGAACCUUUUGUCCUUGCCAAUGAUGUAACGCAAGUCUUUUUCGUGAAGAACAUGUCUAGCAAAGGAAAGAAGGGCAGAGGGCCUGACGAGCCUAAGCGUCACGUGGUUCUCCCAGGCAAAAGAAAAAUCGUCGGAGUUGAGGACAAGACUGACAAGGAUUACGAUC	0.9981034	1.3721563	-0.30949324	0.9936214	0.5582365	0.47	0.9981034	0.9977759166666665	0.98661187	0.9659397129999998	0.9977759166666665	0.7130814140929453
base_motif_structure_score	LOC_Os07g36210	LOC_Os07g36210.1	11	1	200	GAUUUGCUAGGGCUUUGAAUUUUUUUUUUCCGCUCGAUCGAGUUCGCUUCGAAUUCGUAUAAUUAAGCUAAUAUAAGCUAAUUAAGCUCGGGGAUGAAGCUGUUCGCCUUCGUGAGGCGCUGCCGGCGGCUGUCGUCGGCGCCGGUGGAUCAGGCGGCGGAGGAGGAGCCGGCGGCGGUGGCGCCGCCCGCGGAGAAGCG	0.99810165	2.5738268	1.18742	0.95678174	0.6695394	0.63	0.99810165	0.9779183833333334	0.9657680020000001	0.939978851	0.99810165	0.8188535249639421
base_motif_structure_score	LOC_Os09g23894	LOC_Os09g23894.1	21	751	950	CAUCCCGGAUCCAGCGUGAGGGGAGGGGAUGGGAGGAGAGGCGGUGGCGACCCGGCGGACGGCGUCCCAGCGGCGGCGGCGCCCUCCCCUCGCCGGAUCCAGCGGGAGGGGAGCCAGCGGCGGCCCGACGGCGACGGCGGCACCCUCCCCUUCCUGUGUCGGCAUUUUUUUUGUUUUUUUAGGGAAAGUGUCGGUAUUUU	0.99810034	2.5738268	1.2622596	0.95517796	0.667062	0.62	0.99810034	0.9963585266666667	0.992188346	0.8676654479999998	0.9970884200000001	0.7751287590681352
base_motif_structure_score	LOC_Os04g23520	LOC_Os04g23520.1	60	2901	3100	UCUCAAGGUCCCUCUGUUCCGGUGCCAAUGGGUUAGGUUGACUGGUGGAGGCGUAACGAUUGAUGACAGUGGGAUGACAACGGUUGACCUUAACAACGUUGGAUACUCGGACGAACCUUUUGUCCUUGCCAAUGAUGUAACGCAAGUUUUUUACGUGAAGGACAUGUCUAGCAAAGGAAAGAAGGGCAAAGGGCCUGACU	0.99809736	1.04635	1.0733438	0.9908025	0.6584301	0.605	0.99809736	0.9887366066666666	0.978993756	0.956043574	0.9887366066666666	0.7015604931218558
base_motif_structure_score	LOC_Os03g21560	LOC_Os03g21560.1	16	744	943	ACUAUACUACCGUCGCGUCGCGAUGGGGCCGGGCGUCGGCUUUGCUCUUGUCGAGUGGAAUCGAAUCGGUGGAGGCUUUGAAAUUAUUACUACUGAGUUGUAUGUGUAUUUUUUUUUUCUGUAUGAUUUUUGGUUCAGCUGACAUGGUGAGGAUUACACGGUUGGCUUGGGGACAUGCAACUCCCUAGAGUUUCCAUUAA	0.9980969	2.5738268	0.6751144	0.9661364	0.6229928	0.575	0.9980969	0.9961663166666667	0.989166182	0.945019411	0.9980969	0.793723757937483
base_motif_structure_score	LOC_Os09g38070	LOC_Os09g38070.1	29	101	300	CACGAAGCGAACGGAUUCGAAGAGAGCUUAACACGAGACGGCUUCGAUCGAUCCCGUUUUGGGGAGCUAAUCGUGUGGUUUUUGUUGGAUUGUUUUUUUUGGGUGUUAAUCUAGGGUUAGGGUUUCGGAUCUGGACGAUUAGUCCCCAAAUCCAUCCAUGAAUGACCCCAUGAUGCGGCCACCGGCGCAGCAGCCGCCGC	0.99809617	2.1087842	1.2927619	0.970881	0.6714009	0.63	0.99809617	0.9924121733333333	0.969264684	0.941780728	0.995510735	0.752751640219574
base_motif_structure_score	LOC_Os01g67030	LOC_Os01g67030.1	29	1201	1400	GCGCUCGUCGCCGUCUUCCUCGAGGUCAAGCUCUGGCGGAGCCGAAGGAGCGGGUGAUCCACCGCCGGCGUGUAUGAUGCUACUGGUGGUGUACACGGAGAUGACACGAUUUUAGCGAUACGUACGCCGCGCGCUACGUGGGUAGCAUGCGCGUACGCGUACGUGCUUCUUUUUUUUAUUUAUUUUUGGGUAGGUGUUAU	0.99809414	2.61376	1.1969558	0.954726	0.6701437	0.65	0.99809414	0.9961121133333334	0.9865412219999999	0.9534643449999999	0.99779202	0.752749610219574
base_motif_structure_score	LOC_Os01g57480	LOC_Os01g57480.1	67	51	250	GUCGGUGGCGGCGGCGGAGGAGGAGAGGAGGAGGAGGAGGAGGUGGAGGAGGAAUUGCAGAUCGAAACCGGUGCACUGUGCUUGCAACAAAAAUUGUGGCUACAGAACUCUGUCAAUGGAAGGAGUAGGGAGAUGCUACAAUAGAAAUGAUUUUUUUUCCUUUUUUUUUUCAGGGAUACAACAGAAAGGAGUUGGUGGAA	0.99808913	2.61376	0.25486767	0.9711708	0.5742842	0.53	0.99808913	0.99556259	0.988780564	0.9504073779999999	0.994770555	0.693715987937483
base_motif_structure_score	LOC_Os03g52840	LOC_Os03g52840.3	115	51	250	UUUUUUUUUAUUAUUAUUUUGUUUGUGUGUUGGAUGCAGUGGCCGAAGCAGCUGAACGCGCCGCUGGAGGAGGUGGAUCCCGAGAUCGCCGACAUCAUCGAGCACGAGAAGGCCCGCCAAUGGAAGGUAACCAGCAACCACCAAAAAAAAAGUGCGUGGAUUGUUCAGUGUUUGGUCCACCGACGCAUUGCUGAAUUGUG	0.9980889	2.5738268	0.2903981	0.97178125	0.59476614	0.53	0.9980889	0.9872077866666666	0.9757883420000001	0.9594905769999998	0.9712071516666668	0.6551898502436213
base_motif_structure_score	LOC_Os11g06620	LOC_Os11g06620.1	104	3351	3550	UGGGAUGACAACUAUUGACCUUAACAAGGUUGGAUACUCGGACGAACCUUUUGUCCUUGCCAAUGAUGUAACGCAAGUCUUUUUCGUGAAGGACAUGUCUAGCAAAGGAAAGAAGGGCAGAGGGCCUGAUGAGCCUAAGCGUCAAGUGGUUCUCCCAGGCAAAAGAAAAAUCGUCGGAGUUGAGGACAAGACUGACGAGG	0.99808794	1.3721563	0.9232008	0.98815465	0.6223085	0.62	0.99808794	0.9942084666666666	0.9890494679999999	0.9756026439999997	0.9869422733333333	0.6623756641166938
base_motif_structure_score	LOC_Os05g16330	LOC_Os05g16330.1	63	2951	3150	ACCUUAACAAGGUUGGAUACUCGGACGAACCUUUUGUCCUUGCCAAUGAUGUAACGCAAGUCUUUUUCGUGAAGGACAUGUCUAGCAAAGGAAAGAAGGGCAGAGGGCCUGAUGAGCCUAAGCGUCAAGUGGUUCUCCCAGGCAAAAGAAAAAUCGUCGGAGUUGAGGACAAGACUGACGAGGAUUACGAUCAGUUGGAU	0.9980818	1.3721563	0.33588213	0.9911137	0.57349265	0.525	0.9980818	0.9843800100000001	0.975925424	0.961735022	0.9795060925000001	0.6980818
base_motif_structure_score	LOC_Os08g16100	LOC_Os08g16100.1	63	2951	3150	ACCUUAACAAGGUUGGAUACUCGGACGAACCUUUUGUCCUUGCCAAUGAUGUAACGCAAGUCUUUUUCGUGAAGGACAUGUCUAGCAAAGGAAAGAAGGGCAGAGGGCCUGAUGAGCCUAAGCGUCAAGUGGUUCUCCCAGGCAAAAGAAAAAUCGUCGGAGUUGAGGACAAGACUGACGAGGAUUACGAUCAGUUGGAU	0.9980818	1.3721563	0.33588213	0.9911137	0.57349265	0.525	0.9980818	0.98553866	0.976724108	0.9571330309999999	0.980975835	0.6980818
base_motif_structure_score	LOC_Os01g47510	LOC_Os01g47510.1	60	801	1000	CGGGCGGCUCAUUACAGACAGUGCACUUGUGGCGUUUGAAUGCCUACACUCAAUCCGAAGGCAACAUAGCAAAAAUCCUUUUUUUGCUCUCAAGAUAGAUAUGAUGAAAGCCUAUGAUCGAAUUGAGUGGUCUUAUCUCCAAGGAUGCUUAACGAAGCUUGGGUUUGCCCCUGCCUGGGUUAGUUCUGUGAUGAGAUGCG	0.9980665	2.3643167	0.067025475	0.9791363	0.6062524	0.475	0.9980665	0.9949295	0.9850356	0.9572757639999999	0.9949295	0.7015296331218557
base_motif_structure_score	LOC_Os03g49730	LOC_Os03g49730.1	133	101	300	UGAGGGACCUCAAAUGAACUUAUUCCUUUUUUUUUUUUCGAACCUUCUCGAGAGGAGAGGCGUCGGGGCGGGGGGAAUGGCGUCGUGGGAGGAGCAGCUGCGGGACGAGCUCGCCGGCCGAGACCUCGCCGUCGCCUCCGUCCCCGGGAAGGGCCGCGGCCUCUUCGCCGCACGCAGCUUCUUCCCAGGAGAAGUCGUUA	0.9980551	2.61376	1.6034744	0.944015	0.70313174	0.695	0.9980551	0.9980550999999999	0.997853946	0.9966792520000001	0.9976240557142858	0.6447506404771113
base_motif_structure_score	LOC_Os11g23230	LOC_Os11g23230.1	51	1101	1300	CGAUGGUUCGGAUUGUGCUAAUAAUUUGUGCAAUGAUGCCAUAAUAAGUAUAGCUGAACCAAAAGUUGGUUCGGAUUGUCUUGCUAGCUUGGAUAAUGAUGCAACAACCAUUAUAUCCGAACCAAGUGUUGGUUCGGAUUGUGUUAUUAAUUUAGACAAUAAUGGAAUAGCCGAACCAAGCGAUGGUUCGGAUUGCGUUG	0.99805343	-0.28338975	0.93388194	0.9976622	0.6678392	0.6	0.99805343	0.9896939766666666	0.9807824479999999	0.939002584	0.9896939766666666	0.7130314440929455
base_motif_structure_score	LOC_Os10g22680	LOC_Os10g22680.1	10	410	609	GGUUGGAGGUGCUAACAGUCAUGGUGGCGAAGCGGCAGUGGCGCGCGGGUGGUGCUCGCGCGGGAGAUGUGGCCGCGCGCGGCGGCAGCGGCCGAGCGUGGCAACGGCUUUGGCGCGGCGGCAGAGAGGUGAAAGAGGUAGCUGGCGGCGGUGGGGAGUGGCCUGACGGGAGGCCCUUUUUUUUUUCUGACGUGGCAUAG	0.99805295	2.61376	0.9652623	0.9586345	0.6597851	0.62	0.99805295	0.97722085	0.956970918	0.9252722819999999	0.99805295	0.8250813690681351
base_motif_structure_score	LOC_Os11g19480	LOC_Os11g19480.1	32	1	200	AAUUAUCUUAAUUUUUUUUUCCAAUCUGUAUCGAAUUUGUAGAUGAGGAACCUACUGCUGCUGCCGCUGCUCGUGGCGGUGGCGGCGACGGUGCCCUUGGCGGCGGCGCUGUCGGCCGACGGGGUGGCGCUGCUGGCGUUCAAGACGGCGGUGACCGACGACCCGUCGGGGGCGCUGUCGUCGUGGUCGGACGCCGACGA	0.9980502	2.5738268	1.3872815	0.9512284	0.67355216	0.655	0.9980502	0.96814137	0.955029162	0.935479256	0.98029413	0.7458304940320772
base_motif_structure_score	LOC_Os10g35020	LOC_Os10g35020.1	87	701	900	UAACUAAGAAGAAAUUGAAUUUGUUUUUUUUUUUGCGAGUUGUUGUCCUAGUUCAUAAUUUAUUUCUUGGGCUUUUUGCGGAGUUUUUGCGCUAAAGAAUGGCGUGGAUUCGGCUGCGAGAUUCCGCGACCACAGAUCUAAUUAAAACCGAUUCUCCUCGUGUUGCUGCAGCGGAGGAGGAGGAGGAGGUCGCCGCUCCG	0.9980434	2.5738268	0.04346564	0.974396	0.61011153	0.46	0.9980434	0.9946179	0.99234587	0.9877882579999999	0.99234587	0.6750718190681351
base_motif_structure_score	LOC_Os03g61760	LOC_Os03g61760.1	76	201	400	UUCGCUCGGUCCGGCGGUUCGCUGAUCCACUCUCUCGUUUUUUUGUUUUUUUUUUACCUUCUUACGCGGCGAUUCGGGGUGUAUGAGCUCGGUUUCGCGGCGGGUUGGUUGAUUUGCUCCGCCGCGUCGGAGGGCGGCGGCGCGGGGAAGAGGGGGGCAUGUGGGUUUCGCUGGUCUGGAUCCGUGGGUGCGUGGGCGUC	0.9980428	2.5738268	1.0766644	0.9577975	0.64147216	0.62	0.9980428	0.99419655	0.98936124	0.979483014	0.991674375	0.6847034729652549
base_motif_structure_score	LOC_Os01g69830	LOC_Os01g69830.1	37	201	400	UACGUUUCGUUGCUCGAUCUUUUUUUCGCCAUGGAUUGGGACGCCAAGAUGCCUUCCUGGGACCUCGGCACGGUGGUCGGCCCGAGCGGUGGCGGUGGCGGUGGCGGAGGAGGAGGCGGCGCGCUUGACCUCAAGCUCGGCGCGCCGACGAGCUGGAAGACGACGACGACGGUGUCUGCUGCGUCGGCUGCUCCGGCGGC	0.99803156	2.4553025	1.4243057	0.95525914	0.690304	0.675	0.99803156	0.9972682	0.9943525799999999	0.9685200009999999	0.99753678	0.7356351843278208
base_motif_structure_score	LOC_Os02g56850	LOC_Os02g56850.3	151	151	350	UCAACCCAACCCCAAGGUACGGUGCUCACUUCUCUCUCUUCUCCUUUCCUUUUUUUUUGGUUGUUUUUAGCGGUGGAUUUUGGGCUCCACGCGCGUCGCGGGGCGGCAAUCGCGUCUCAUCAAGGUUUUUCGUGUGGUGUUGAGGAUCCAUGGCUAGGAAGAUGCUCAAGGACGAGGAGGUGGAGGUGGCCGUCACCGAC	0.99802905	2.61376	1.0595992	0.9562151	0.6518461	0.6	0.99802905	0.9956304500000001	0.9924342580000001	0.9874465840000001	0.9895240675	0.6356326743278207
base_motif_structure_score	LOC_Os09g29000	LOC_Os09g29000.1	69	3201	3400	AGAAUUGCAAGACGGUUUGACAGCCGAUGAGUAUUAUAACCUUAUGGCCGAUGAGAGGGAGGACUUGGUUCAAUUGCGUUUACGAGCCCUUGCUAAGGUUACCAAAGAUAAGGAACGAGUUGCUAGGCAUUAUAACAAGAAAGUAAUGCCUAAGGAUUUUUCGGAAGGUGAACUUGUAUGGAAGUUGAUUUUGCCGAUUG	0.99802643	0.97571945	-0.041458	0.99488765	0.5942052	0.47	0.99802643	0.9905293366666666	0.987400528	0.97859195	0.9892322525	0.6915622791527517
base_motif_structure_score	LOC_Os12g10580	LOC_Os12g10580.1	27	1051	1250	UUACAGAAAAAGUACUACGAACCACGGUGUCGGGGGUUCGAAUCCCUCCUCGCCCACAGCCUUCCAAAGGGGAAGGGCCUUUACUUUCCCCCUGAGGGUAGGAAAACCAUGAUCGGGAUAGCGGACGUAAAGCUAUUGAACUUGGAAAAAUACAUGAAAAAGAAAGGAGGUAGAAAAUUUUUUGGAUUUAUGGUUAAAGA	0.99802554	0.9397628	-1.1810925	0.9972025	0.49199665	0.425	0.99802554	0.9939834133333334	0.981466548	0.9447276670000001	0.99772192	0.7576577938971198
base_motif_structure_score	LOC_Os04g43150	LOC_Os04g43150.2	91	151	350	GUCUCCUUCGCCGUCCCUCUCUCUCCAGCCGUUGCGGGAGGAGGAGGAGGAGGCGCGGUUGCUGUUGGUGGCGGCUGUCGUCCCUGACGCGGAGUUCUCUCGCUAGGGUUUUUUUUUUGUGUGUGUGUGUGGGGGGGGGGGGGGGGAUGCGCGGCAUGGGGGGGCGGUACCACAUGGAGAUGCCCACCGGGAUGAGGGAG	0.99802375	2.5738268	1.1463248	0.9559578	0.6479975	0.62	0.99802375	0.9979791866666666	0.997739378	0.9925542899999998	0.997739378	0.6718456521971493
base_motif_structure_score	LOC_Os06g18950	LOC_Os06g18950.1	108	5151	5350	ACGAAUAGAGUUGCAAGAUGGUUUGACAGCCGAUGAGUAUUAUAACCUUAUGGCCGAUGAAAGGGAGGACUUGGUUCAAUCGCGCUUGCGAGCUCUUGCUAAGGUGACUAGAGAUAAAGAGCGAGUUGCUCGGCAUUAUAAUAAGAAAGUGGCGCCUAAAACUUUUUCGGAAGGUGACCUCGUAUGGAAAUUGAUUCUGC	0.998019	1.3647658	-0.25752327	0.9932146	0.5593952	0.45	0.998019	0.9952365533333335	0.9925421700000001	0.983768535	0.989887375	0.6596097837611536
base_motif_structure_score	LOC_Os11g44060	LOC_Os11g44060.1	59	2651	2850	GGUCUUUGCGUACUACACCCAGUCGGGCCACAGGCCAGUCACCUUUUUUCCUUGUCUAUGGGGCAGAAGUAAUGUUGCCGAGUGAAGUCGAAUUUGAGUCUUUGCGCUUUCGUAAUUUCCGCGAAGAACGCUACGAAGAGGACCGAGUGGAUGACUUGCACCGAUUGGAAGAAGUCCGUGAAGCAGCUUUGAUUCAGUCG	0.998019	2.2058592	0.9031911	0.972473	0.646968	0.58	0.998019	0.9905201666666666	0.9874042119999998	0.98040436	0.9905201666666666	0.702674470219574
base_motif_structure_score	LOC_Os05g35010	LOC_Os05g35010.1	36	1651	1850	ACAUGUCCGACGACCCGGGAUUCACCGUGCGGCGGCGGAUCCCUCUCCGGCUCGUCGCCAAGCCGGUCGGGUCAGAAGACGACAAGUAGCCGAAUAGUGUGAUCUGUGUGUUUUUUUUUUUUUUGUCUGGGAGACGGGAGACCGCGUGGACUGUGUUAAUUUAGGAAUAAAUAAAUAAUGGGCCGAAUCGCGCGUGUUAA	0.9980134	2.5738268	0.90131104	0.9606407	0.65423113	0.615	0.9980134	0.9943463666666666	0.978060288	0.93286278	0.99776695	0.7375407317185525
base_motif_structure_score	LOC_Os06g21590	LOC_Os06g21590.2	47	651	850	CCCCUCGGCUUCUCCAAGGACCCCGUCAAGUUCGAGGAGUACAAGCUCAAGGAGAUCAAGAACGGUAUGCAAUGCACCCAACUUUUCUUUUUUUUUUUAAUAACGAUAACGGUUGUCAAAUAUUUAGAAACGGAGACGAUAACAUAUGCGUAUAUAUUAUCGAUCGGUUUGUAGGGCGAUUGGCCAUGCUGGCUUUUGUG	0.9980032	2.61376	0.44289482	0.9670424	0.5915159	0.55	0.9980032	0.9968061233333333	0.9922386940000001	0.983670507	0.9968061233333333	0.7187550749639422
base_motif_structure_score	LOC_Os03g06360	LOC_Os03g06360.2	48	451	650	UCCGCUGUGCGUGCAGCGUGAACGAUCUCCCUUUUCUUUCUUUUUUUUUUUUGCAGGCGGUGGGUCACUACGUGGAGCAGGACGAUGGCGCCGCCGUGGUUGCAGGAGUCGUCGGCGCCGCCCCCGGCGCGGUACGGGUGGAGGAACCUGCGAAGAUAACAAUCGGCGAGGCGCUGGAGGCGGCGGCGCUGGCGGCAGGA	0.9980021	2.61376	1.1466372	0.95376116	0.64038056	0.625	0.9980021	0.9967558333333333	0.9930755899999999	0.9809869000000001	0.9967558333333333	0.7172666077942396
base_motif_structure_score	LOC_Os02g09990	LOC_Os02g09990.1	24	501	700	CCACGAGAAGCUCAACGAGCGGACUCUGGGUGAGUUCCCGGCGUCGUGGAGCCCGCCGAAGAGCGGCGGCGAGAAGCUCGCCGCGGCGGCGCGGUCGCGGUUGAAGCGCGUGCUGAGCAUCAUCCAAGAGGAUGCAUAAAUAUUCAAUUUUUUCCACUUCUUUUUUGGGGAAACAAUUUUUUUUCAGAAGCUCGAAGCCC	0.9979961	2.61376	0.5695524	0.96484184	0.599871	0.56	0.9979961	0.9708510833333333	0.943627742	0.914184541	0.995421025	0.7658032905112638
base_motif_structure_score	LOC_Os12g38250	LOC_Os12g38250.1	18	501	700	AUGGAGGAUCACCCGUUCAGCUUCGGUCGCCAUGGGAGGAUGGAGUCGUCGUCGUCGGCGGCGGCGGCGGCGUUGUUGCUGCUGUCUUCUUCAUAGCCGGCGGCGAGCUGAUGACUGAAGAAACGCAAGUAGUAUCUGAAGAAACCGAAAGAUGUUUCUUCUCUUUUUUCCAUUUUUCUUCUUUUUUUGAGAGAGAGAAG	0.9979948	2.653693	1.2683865	0.9489293	0.7021926	0.64	0.9979948	0.9866035233333333	0.974576306	0.941514389	0.9979948	0.7855984243278207
base_motif_structure_score	LOC_Os08g43620	LOC_Os08g43620.1	19	451	650	CGCCACGCUGCCGGUGAAGGAGAACCACGGCGGCGGCAAGCGGAAGAAGAGAGAGGAGGACAUGGGGAAGAAGAAGCAGCCGCAGCCGCAGCCGCAGCCGCAGCCGCGCUAGAGGAAUCGGGAACGCACGGAUGGAUGGACGGACCUAUCUGUAAAUAUUUUCUUCUCGUAGGGUGUUUGCUUUCACUUUUUUUGGUUAA	0.9979937	2.2148821	0.7744083	0.97359294	0.6383559	0.57	0.9979937	0.9938165333333333	0.98885264	0.9767808599999999	0.9979937	0.7818972952556318
base_motif_structure_score	LOC_Os12g39090	LOC_Os12g39090.1	62	401	600	UUGCUUGCUUUCUUUUCUUUUCUUUUUUUUGAUCUGGUUUUCGCAGGUUGCCGCUUCGAAUCUCGCCGCGCGCCGCGGCGGCUAGGGUUUUGGUCGCCGGUGAGCUGCUGCAUUUGGUCUCCAAGAUGCAGCCGCCGGUGGCGAAGAAGGUGGCUGCUCGCGUGGACACGAUGGAGAUCAAGUCGCAGAUUGCGAAGAAG	0.99798834	2.61376	0.74281573	0.9616391	0.64838684	0.57	0.99798834	0.9942942800000001	0.9894841380000001	0.9734843400000001	0.9920951975000001	0.6991243438250041
base_motif_structure_score	LOC_Os04g42134	LOC_Os04g42134.1	27	51	250	CGUGCCUGGAUUGGACCUGACGAGAGGAGCUCGCGCCCUGCCCUGUGGUGCCAGUGCCACUCACUAAUCGAGGCGUGCUUUUUUUUUUCCUUUUUAGGGUUCGUCGGCCGGCGCGGCGGCGGGCGCGUGUGCUGGUCCAGAGCUGCAUCGGCGGCUGGCGCGCUCUUCGCUCGGAACAUGGCCGGGAGGCACACCAUCAU	0.9979842	2.61376	0.8030242	0.9604345	0.64313513	0.585	0.9979842	0.9969763466666667	0.97355108	0.9403441819999999	0.9974217	0.7576164538971197
base_motif_structure_score	LOC_Os04g42600	LOC_Os04g42600.2	110	251	450	AGAUUUUUUUUUUUGUUUCGCGGAAAAAAAUUGAAAAAGAGAGAAGGGUGAGGGAGCGAGGUCGAGGGAUCGGUGGGCGAUGGCGGCGCAAAUGGCGGCGGUGGCGGUGAACGGGGGCUCUCCGGGGGCUGUCACCGCGGCGGCGGCGGCGGGAGGGGUCGGCGUCGCCGUGGGCCUCGGGGGCGGCGGGGCGCAGUCGC	0.9979838	2.5738268	0.8518031	0.9610147	0.6324576	0.59	0.9979838	0.9960810466666666	0.9945170959999998	0.989699888	0.9938009633333332	0.6582630066824946
base_motif_structure_score	LOC_Os01g55370	LOC_Os01g55370.1	32	901	1100	CGCCCACCCGCGUCGGCUCGGAGGGCGAGAAGGAGCGGCUGCUGGCCAACGAGAGGUACCUGUCGGAGAUCAUGAAGGAGAAGGCGUCGACGGCGAGAGACCGGCGGCGCGGGCGCGUCGCCGUGUGGCGACCUCACCUGGAGAGCAUCACCGAGGAUGACUUGUAAUCAAACGAGGUGUUCGUUUUUUUUUCUUCUUCU	0.9979825	2.5738268	0.76030606	0.9626689	0.63864815	0.56	0.9979825	0.9934194500000001	0.973418624	0.9334060950000002	0.997634825	0.7457627940320772
base_motif_structure_score	LOC_Os06g48610	LOC_Os06g48610.1	60	851	1050	CGCCCAAGUAGCGAUUUUCUUUUUUCUUUUCUUGUUGUUUGUUUGGAGGGGGGAAAAGGUUGCGAUCUUGGUGGCGCGCCGAUGGCGUCGUCGUGCAUCCCCACCGGCCUCCGGCUGGACCUGGAGAUGGUAAAGGCGGCGGCGCCGCCCGGUGGCUCGUCGGCGGCGGCGCACUCGUCGGCGUCGUCGACGCUGUCGGA	0.9979804	2.1940656	1.6538575	0.9601444	0.72624344	0.68	0.9979804	0.9942789333333333	0.991127588	0.980525484	0.9942789333333333	0.7014435331218556
base_motif_structure_score	LOC_Os06g39760	LOC_Os06g39760.1	36	151	350	CGCCGCUCGUCGAUCGCGAUUUUUUUUUCUUCGCCGGAUUUUUUUUUCUCCCGAUCGGUGGGGAGGGCUCUCUCUCUCUCUCUCUCUCUCUCUUCACCCUAGGGUUAGGGGGAGCGCCGCCGCAUUUCGGUCCGCCGCCGCCGCCGGAGUCGAGGAGCUAGGGUUUUCGUCGGUCGGGGGGGGGGAAGAGGUGGGGGGUU	0.9979798	2.5738268	0.94934386	0.9590667	0.6462782	0.59	0.9979798	0.9910081000000001	0.984470552	0.955615961	0.9960778	0.7375071317185524
base_motif_structure_score	LOC_Os06g48320	LOC_Os06g48320.1	61	151	350	UCCUUUUUUUUUCUUUUUUGUUUUUUCUUUUAUUGUCUCUCCCCUCGCCGGCGGCGAUGAGCCCCAGGAGGGAGCAGGCGGAGGAGCAGCAGCAGCAGGGGUGGAGGGAGGAGGCGGUGUCGGGCGCAUCGCUGAGGCAGGUGGACCUGGAGAGGGGCGCCAAUGGGUGGGCCUCGCCGCCGGGGGAUUUGUUCCACCUG	0.9979779	2.653693	1.904125	0.93059295	0.7304717	0.74	0.9979779	0.9962680666666666	0.9943023519999998	0.989744562	0.9954131499999999	0.7002680844806561
base_motif_structure_score	LOC_Os04g40860	LOC_Os04g40860.1	47	151	350	GGCCGGCCGGUUGCCCCUGCCGCCCCGGUUCUUGGAUCCUAGAUUUGGCUGUCCGGGGAGCGGAAAGGGUUGGAUUUUUCUUUUUUUGUUUUUGUUUUUGUUUUUGUUUUUGGGAGUGUGUUGGGGAGGGGCGAUGGGGGCGUCGCCGCCGUCGCCUGAUCCGAUGAGGCCCCGGGCGGUGGAGUGAGCGGCUGUUCCUG	0.9979741	2.3525236	1.0931399	0.96444994	0.64010376	0.64	0.9979741	0.9969674133333334	0.99083272	0.978578267	0.9969674133333334	0.7187259749639421
base_motif_structure_score	LOC_Os09g27734	LOC_Os09g27734.1	40	1451	1650	GGCGACGAGCUCGGCGGCUGGCGUGGGUGACGAGAGAGGAAGGCGGCGGCGGGAGGAGGCGAGCCUCGGUGGUGGGAGGAGGCGGCCGGCGGCGGGAGGAAGCCGGCGGGAGGAGGCUGCCAGCGGCGUCGGCGAGCCCAGAUCUGGCGCUGCUUUUUUUUUCUUUUUCUUUUUUCUAUGUGUAUUUAUAAUGGAAUGUG	0.9979697	2.653693	0.7462225	0.9597176	0.6163146	0.6	0.9979697	0.9873941466666666	0.9770940159999999	0.931036389	0.99634545	0.7300920997690958
base_motif_structure_score	LOC_Os04g53280	LOC_Os04g53280.1	117	5551	5750	GGCCAGUCACCUUUUUUCCUUGUCUAUGGGGCAGAAGCAAUGUUGCCGAGUGAAGUCGAAUUCGAAUCUUUGCGCUUUCGAAAUUUCCGUGAAGAACGCUACGAAGAGGACCGAGUGGAUGACUUGCACCGAUUGGAAGAAGUCCGCGAAGCAGCUUUGAUUCGGUCGGCUCGAUAUUUACAAGGGUUGCGGCGUUAUCA	0.997962	2.2058592	0.19332685	0.97998786	0.586564	0.525	0.997962	0.9932588333333333	0.9904455600000001	0.98146986	0.9883663	0.653829847531908
base_motif_structure_score	LOC_Os02g48080	LOC_Os02g48080.1	32	1301	1500	CCAGAUGCAGCUGCCGGAGCCCGCGCAGCCGCCGCUGUUCGCGGCGCGGGAGAUGAAGAAGGUCUCGGCGUCGGAGUUCUCGCUGGCGAUGAAGACGGAGACCACCAAGACGCAGUCCGUCAACGACGUGUCCAUCUCCAUGAUCGAGCCACGAUAAAAAAGAAGAAAGAAAAAAAAACGUCGUUUUUUUUCUUCUUUUU	0.99795806	2.4153688	1.2860947	0.95825034	0.6638483	0.63	0.99795806	0.9935032733333333	0.981535904	0.96060783	0.99739063	0.7457383540320772
base_motif_structure_score	LOC_Os04g11420	LOC_Os04g11420.1	46	2101	2300	AUGACAACGGUUGACUUUAACAAGGUUGGAUACUCGGACGAACCUUUUGUCCUUGCCAAUGAUGUAACCCAAGUUUUUUACGUCAAGGACAUGUCUAGCAAAGGAAAAAAGGGCAAAGGGCCUGACGAGCCGAAGCGCCACGUGGUUCUCCCAGGAAAAAGAAAAAUCGUUGGAGUAGAGGACAAGACUGACGAGGAUUA	0.9979538	1.04635	-0.28428057	0.994961	0.5437735	0.475	0.9979538	0.99039242	0.98214606	0.957320219	0.99039242	0.7202243574161181
base_motif_structure_score	LOC_Os11g23770	LOC_Os11g23770.2	95	2601	2800	CGGUGGUGGAUUUGGCGGAGAAGUGGCGGUGCGCCGCGGCGGAGAAGGAGGAGAAGGAGGCCGCGCGCCGCGGCGAUGGAUUUGGCGGAGAAGUGGCGACGCGCGGUGGAAAGCGGACGAAGUGGCACAGCGCCUAGGGUUUUUUUUUUGCGUGGAUUUUCUUUUCGGCGUGAUAUUUUUUGGCGUGGAUUUCUUUUUUU	0.99794215	2.61376	0.09054804	0.97139066	0.6146595	0.455	0.99794215	0.9975774833333334	0.9952348900000001	0.9835823699999999	0.9952348900000001	0.6686940249639421
base_motif_structure_score	LOC_Os04g45930	LOC_Os04g45930.3	203	101	300	CGAUCCUCGACGACGCGAGGUGGUUUUCCUUUUUUUUUUGGUUUUGUUUGUGAGAGUGGGGGGAGAUGCCGCCGAAGGCUAGGAGGGGCGCCGCGGCGGCGGGGAGGAAGGGGCCAGGGACGAGGGGCAGGCUGGUGAAGGCGCAGGCGGCCGUGGAGGAGGUGCCCGCCGAGGAGGUUAAGGCUGCGGAGGAGGCCCCG	0.9979417	2.61376	0.0998917	0.9712541	0.59071666	0.5	0.9979417	0.9979417	0.9978674999999999	0.9947917119999999	0.99297502	0.6143204329014252
base_motif_structure_score	LOC_Os11g37590	LOC_Os11g37590.1	57	2601	2800	GGAUGACAACGGUUGACCUUAACAAGGUUGGAUACUCGGACGAACCUUUUGUCCUUGCCAAUGAUGUAACGCAAGUCUUUUACGUGAAGGACAUGUCUAGCAAAGGAAAGAAGGGCAGAGGGCCUGACGAGCCUAAGCGUCACGUGGUUCUCCCAGGCAAAAGAAAAAUCGUCGGAGUUGAAGACAAGACUGACGAUAAU	0.99794143	0.51754737	0.5908666	0.9953707	0.6001313	0.585	0.99794143	0.99448253	0.9843421979999999	0.964322003	0.99448253	0.7050423802436214
base_motif_structure_score	LOC_Os07g27650	LOC_Os07g27650.1	8	201	400	GUGCGACGACCAGUCGCUCCCGGCGGCGGCGGCCGCCGCCGCCGCCGGAGGCGAGCUUGUUGCCGUCCUAUGGGCAGUGUGUGGUGGCGAACAGCGGCGGCCGGUCAGUCUCGAAGAGGAAAGCUCAACGGAGAAGAUGUCGAGGGAGGAUACUGAAAAGGUCUUUUUUUUUUCCUCUAGAUUUUCUCCGGAAAAGGAAA	0.99793774	2.61376	0.75082695	0.96055955	0.6537606	0.54	0.99793774	0.99605918	0.974941698	0.91357502375	0.99793774	0.8394414899278844
base_motif_structure_score	LOC_Os04g13030	LOC_Os04g13030.1	118	5651	5850	UGUUGCCGAGUGAAGUCGAAUUUGAGUCUUUGCGCUUUCGAAAUUUCCGUGAAGAACGCUACGAAGAGGACCGAGUGGAUGACUUGCACCGAUUGGAAGAAGCCCGCGAAGCAGCUUUGAUUCGAUCGGCUCGAUAUUUACAAGGGUUGCGGCGUUAUCAUAAUCGCAAUGUUCGAUCCCGUGCCUUUUUAGUCGGCGAC	0.9979371	1.0752852	0.83187866	0.99090004	0.658335	0.57	0.9979371	0.9953733666666666	0.9913905599999999	0.9825151699999999	0.9893928166666667	0.6531962118346029
base_motif_structure_score	LOC_Os12g23230	LOC_Os12g23230.1	118	5651	5850	AAGCAAUGUUGCCGAGUGAAGUCGAAUUUGAGUCUUUGCGCUUUCGUAAUUUUCGUGAAGAACGCUACGAGGAAGACCGAGUAGAUGACUUGCACCAAUUGGAAGAAGCCCGCGAAGCAGCUUUGAUUCGGUCGGCUCGAUAUUUACAAGGGUUGCGGCGCUAUCAUAAUCGCAAUGUUCGGUCUCGUGCCUUUUUAGUC	0.9979365	1.1259384	0.47302517	0.99198854	0.62624294	0.545	0.9979365	0.9967592166666667	0.993184636	0.986773709	0.9915173300000001	0.6531956118346027
base_motif_structure_score	LOC_Os03g22490	LOC_Os03g22490.2	120	301	500	UCUUUGUUUUUUUUUUUUUUAUGUUUGGUUUCAGGCGUGAAGGAUGUGAAGGUGGACGCCGCGAUGCACAAGGUGACGGUGACCGGCACGGUGGACGGCGACACGCUCGUCAAGAGGCUGUACAAGUCCGGGAAGCAGGCCGUGCCGUGGCAGCACCCGCACGUGGCGCCGGCGCCGGAGGCGGUCAAGGCGAUAGAGGC	0.9979342	2.5738268	1.2775015	0.9510881	0.6770964	0.625	0.9979342	0.9976165	0.9966997299999999	0.9919393600000002	0.9960051799999999	0.6519910381362702
base_motif_structure_score	LOC_Os05g30870	LOC_Os05g30870.1	147	201	400	UGUGGUGGGUCGGCCUCCGCCCCCCGGCCGCCGCGCUUCUCUUGAUCUUUCUUUCUUUUUUUUGAUUUUUUUGCGUUUCCCCUCCGGGAGAGGGGAGGGGAGGAGGGUUCUUGGAUGGGCUGCUUUCCGUGCUUCGGGUCGGGCGGCAAGGGGGAGGCGAAGAAGGGCGGCGGCGGGCGCAAGGACGGCGGCUCGGCGGA	0.99793375	2.61376	1.404268	0.94604033	0.70831007	0.63	0.99793375	0.9978455133333334	0.9974665760000001	0.992364158	0.9958545725	0.6374610817185524
base_motif_structure_score	LOC_Os12g14780	LOC_Os12g14780.1	54	2551	2750	GACGAACCUUUUGUCCUUGCCAAUGAUGUAACGCAAGUCUUUUUCGUGAAAGACAUAUCUAGCAAAGGAAAUAAGGGCAGAGGGCCUGAUGAGCCUAAGCGUCAAGUGGUUCUCCCAGGCAAAAGAAAAAUCGUCGGAGUUGAGGACAAGACUGACGAGGAUUACGAUCAGUUGGAUGGGCAACCCCCUUUCACGGUGAC	0.99792516	1.3721563	-0.14873661	0.9924453	0.5507117	0.5	0.99792516	0.9856115333333334	0.9780615880000001	0.9594833030000001	0.9856115333333334	0.708857174323767
base_motif_structure_score	LOC_Os08g12920	LOC_Os08g12920.1	100	1801	2000	AUGAAGUGGUCUGAGCAGAAAAUAGAGUUCUCGGAAGAAGACCACCCCAAGACCGUCGUUAUCCCAGGACGAUAUCCGAUCGUGGUCGAACCCACUAUUCGGAACAUCAAGGUAGCGCGAGUUCUCAUCGAUGGUGGUAGCUCGAUCAAUCUUUUUUUCGCCAGUACUCUGGACGCAAUGGGAAUUCCACAAACUUAUAA	0.9979235	2.4553025	-0.33289182	0.9798881	0.5276082	0.49	0.9979235	0.99260808	0.9855645479999999	0.9668538400000001	0.9855645479999999	0.6650129258624102
base_motif_structure_score	LOC_Os12g10990	LOC_Os12g10990.1	8	151	350	ACGGUUGACCUUAACAAGGUUGGAUACUCGGACGAACCUUUUGUCCUUGCCAAUGAUGUAACGCAAGUUUUUUACGUGAAGGACAUGUCUAGCAAAGGAAAGAAGGGCAAAGGGCCUGACGAGCCGAAGCGCCACGUGGUUCUCCCAGGCAAAAGAAAAAUCGUCGGAGUAAAGGACAAGACUGACGAGGAUUACGAUCA	0.99792165	1.04635	0.52470344	0.9923503	0.5936696	0.555	0.99792165	0.9910522933333333	0.97012695	0.93248841875	0.99792165	0.8394253999278843
base_motif_structure_score	LOC_Os08g04370	LOC_Os08g04370.1	14	501	700	UCGCCGUCGCCGGCGGCGUUGCCGCCGGUGAACGGUGGCCGGCCGGUGACGCCAUCGAGCUCGGCGAGCAAGUCGGGUGGUGUUGUUGAGUCUCUUGUUGGUCUGGGCGUUGGCGCCAUGGCCGCUGGUCUCAUGGUCUUUUAUUAGAGUGACAAGAAUGCAUGAUGAGUUCUUGAUUUGUUCUCUCUUUUUUUUGUUCU	0.99792117	2.61376	1.5609126	0.9415663	0.69276214	0.675	0.99792117	0.9840433599999999	0.969423746	0.9143473139999999	0.99792117	0.8025766402195741
base_motif_structure_score	LOC_Os01g59150	LOC_Os01g59150.2	70	1551	1750	GGAACCUUUUUGGGUACUGUAUUACUUGAUGCUGGUCUGCGAUUGUUGAUAUUUCGGAUGAAUUUUACCUUUCCGCGUUGGUCCUCGUGUGCAAUAUUUGCAAAUUACAAGGAACUAGGAAGGUAGCCCGCGCAUUCGCGUGGGCAUGUAUCGUAGGCUGUAUUUGAGAUAAUCGUAAGUAAUAGGCCGAUUGUGUUAAA	0.99791986	1.3170048	0.94452506	0.987678	0.64622414	0.58	0.99791986	0.9942946866666666	0.9922621719999999	0.988895741	0.993126365	0.6904325040247659
base_motif_structure_score	LOC_Os02g50870	LOC_Os02g50870.1	5	164	363	UUGUUUUUGGCGAUUCAUGGACUCUAAAACUCAUCGUGGUGGAAUCAGAUUGCUUGGAAGCGCUACCAGAUGAUAGAUUAUCAUGGACACGGUUCCUAAAAUCGGUGCGGAACCUGUUGGUAAGGAUGGUUCUCGCGACAACCGAGGCAAACCGCACGAACCGUUAUGAUAUGAUUUUGCUUUUUUUUGCAUUAUUGUAG	0.9979195	2.61376	0.42057568	0.96607155	0.6065114	0.54	0.9979195	0.9935630999999999	0.988130852	0.988130852	0.9979195	0.8686713749639421
base_motif_structure_score	LOC_Os04g29450	LOC_Os04g29450.1	61	2851	3050	GUCCCUCUGUUCCGGUGCCAAUGGGUUAGGUUGACUGGUGGAGGCGUAAUGAUUGAUGACAGUGGGAUGACAACGGUUGACCUUAACAAGGUUGGAUACUCGGACGAACCUUUUGUCCUUGCCAAUGAUGUAACGCAAGUCUUUUUCGUGAAGGACAUGUCUAGCAAAGGAAAGAAUGGCAGAGGGCGUAACGAGCCUAA	0.9979184	1.3721563	0.59220624	0.98905957	0.6239097	0.55	0.9979184	0.9975663	0.9945314600000001	0.973491453	0.9973733250000001	0.7002085844806563
base_motif_structure_score	LOC_Os02g36740	LOC_Os02g36740.3	182	51	250	CCGGUCGCGUGGGGGGGUAAUCCGAGCCUCGUCGUGAUCCCCCGCGAGUCGGGGGGAGCUUCGAUUCGGCCCGAAUCCCGCUUCUUCGAUCUCGCCACGGGAUUUCUAGGGCUUUAGCCCCUAGCCCCAUCGGUUCUUACCUCCAAUCCGUUUUGUUUUUGUAUUUUUGUGGGGGGUUUGCGGUUUUUGAGUUUUUUUUU	0.9979183	2.5738268	0.30474687	0.9691198	0.5990683	0.52	0.9979183	0.9973082733333333	0.9971862679999999	0.9961958799999999	0.9961958799999999	0.6221333080857978
base_motif_structure_score	LOC_Os05g07070	LOC_Os05g07070.2	562	1	200	CCCCCCUUUCUUUUUUAUUUUUUUCUUCGAGGAGGAAGCAAACAGCGUCGCUCCACGAAACCAUCGCUGCGGUUGCGUGCUCGCGCGAAGAAGAGGAGAGAGAGGACCAAACCCUCGUCUCCUCCUCCUCCGGUGGUGGGGGGAGAGGAGGCGGCGGCGGAGAGGACGAGCCGUCUACUGGAUCGGCCGCCCACGAGGAG	0.99791795	2.4553025	1.2626767	0.9562969	0.67272925	0.625	0.99791795	0.99791795	0.99759765	0.991905691	0.951682105862069	0.5410683943959885
base_motif_structure_score	LOC_Os05g29850	LOC_Os05g29850.1	63	2951	3150	UUAACAAGGUUGGAUACUCGGACGAACCUUUUGUCCUUGCCAAUGAUGUAACGCAAGUUUUUUACGUCAAGGACAUGUCUAGCAACGGAAAAAAGGGAAAAGGGCCUGACGAGCCAAAGCGCCACGUGGUUCUCCCAGGAAAAAGAAAAAUCGUCGGAGUUUUUCGAUGGUUCUCCCACGAGGAUUACAAUCAGUUUGAU	0.99791557	1.302349	-0.21567607	0.9931503	0.5794353	0.43	0.99791557	0.9918845566666666	0.9831024319999999	0.965722491	0.9864362524999999	0.6979155699999999
base_motif_structure_score	LOC_Os01g39450	LOC_Os01g39450.1	43	1951	2150	AAGGUUGGAUACUCGGACGAACCUUUUGUCCUUGCCAAUGAUGUAACGCAAGUCUUUUUCGUGAAGGACAUGUCUAGCAAAGGAAAGAAGGGCAGAGGUCCUGAUGAGCCUAAGCGUCAAGUGGUUCUCCCAGGCAAAAGAAAAAUCGUCGGAGUUGAGGACAAGACUGACGAGGAUUACGAUCAGUUGGAUGGGCAACC	0.99791044	1.3721563	0.20361447	0.99093974	0.58412707	0.53	0.99791044	0.9840084133333334	0.974144568	0.9576442249999999	0.9840084133333334	0.7249388590681352
base_motif_structure_score	ChrUn.fgenesh.gene.48	ChrUn.fgenesh.mRNA.48	15	551	750	AGGUUGGAUACUCGGACGAAUCUUUUGUCCUUGCCAAUGAUGUAACGCAAGUCUUUUUCGUGAAGGACAUGUCUAGCAAAGGAAAGAAGGGCAGAGGGCCUGAUGAGCCUAAGCGUCAAGUGGUUCUCUCAGGCAAAAGAAAAAUCGUCGGAGUUGAGGACAAGACUGACGAGGAUUACGAUCAGUUGGAUGGGCAACCC	0.9979031	1.3721563	0.45898962	0.9896827	0.5926304	0.515	0.9979031	0.9916501866666666	0.982022772	0.941228847	0.9979031	0.7979031000000001
base_motif_structure_score	LOC_Os01g28030	LOC_Os01g28030.1	25	1051	1250	UCAAGAACUCCAUCAAGCGCAUGGGCCAGAUCGGCGUGCUCACCGGCGCCGCCGGCCAGAUCAGGAAGAGGUGCAACGCCGUCAACUCCUAGCUAGCCGGCCGCUCGCUAGCUUGGCUUAUUAUCAUUCUCUAAGCUUUUUAGCUCUUACGAUGAAAACAUGCGUCAUAUCCGCUGCGCGCACAACCAUUAUUAGUUGUU	0.9979011	0.66138554	0.04315815	0.9958532	0.55819154	0.53	0.9979011	0.9950057433333334	0.9778201660000001	0.944828257	0.99727225	0.7628791140929454
base_motif_structure_score	LOC_Os03g47050	LOC_Os03g47050.1	22	501	700	UCGUCGCGGCAGGCGGGCUCGACGGCGACGACGGCGACCGGGCGAGCGUGGCGUGGUGACGACUAGCGAGGCGGCGGCGAGCGGGCCCCGCCCAGAUCCGACGAGUUGCGGCGGCCGGUUGCGUGCGGGCCGGCGAUUUCCGCUUUUUUUUUUUUUUGUUUCGUGCGGGCGGAAUAAUUUGACCGCACAGGAUAAUCGAU	0.9978999	2.61376	0.88214636	0.9572556	0.62851834	0.595	0.9978999	0.9940597433333332	0.988622676	0.9437584080000001	0.9957417	0.7717218021971493
base_motif_structure_score	LOC_Os04g49140	LOC_Os04g49140.1	21	901	1100	GGAGGUGGCGGAGAUGGCGCGGCGGGCGUACGAGGAGGAGGCGUUGCGCGUGUCCAUGGUCGGGCACGUCCGCGCGCCGUCGGCGGGCGGGUCGCGCACCACGCCGGACGCCCUCGAGAAUGAGUACUGCGCCGCAUUGUGACAGAGAACUGCAAAGAAGCAAUUGAAGUUGAUUUUUUUUUAAGCUCUCAUUUUAGGAU	0.99789655	2.5738268	0.91756994	0.9580917	0.665682	0.575	0.99789655	0.99637077	0.946375654	0.8865911820000001	0.997346905	0.7749249690681351
base_motif_structure_score	LOC_Os01g65169	LOC_Os01g65169.1	37	1551	1750	GCGACGACGAGGAGAGGAGGAGAGAGCUGGUUCUCCGACGACAUCAACCGCGCGCACCUCGACUACUUCUACUGGCUCCUCGCCGCACUCGCCGCAUUGGAUGUCGCCGUUUUCGUGUACAUUGCAAAGCGAUAUGUCUACAGGAACAAAGACGAGCAAUGAUUCUUCUGUUUUUUUUUAUAUAUAUAUCUGAAAAAUGG	0.99789137	2.5738268	0.7169752	0.96184886	0.6167941	0.595	0.99789137	0.9900624566666667	0.978750114	0.958739126	0.9964452850000001	0.7354949943278208
base_motif_structure_score	LOC_Os03g53340	LOC_Os03g53340.1	308	101	300	AAUUCGUUCGGUGGAGGGCGAUAUAUUUUUUUUCGGCAAGGAUCGCCAUUCUCACCGACAUGAAUCCAUUGCGCGUCAUCGUGAAAGAGGAGGAGCUCGACUUCGCCGCCGCGGCGGCGGCGGCGGCGGCGGGUGAGGGCUCGCCGUCGUCGUGGGCGGUCGGCGUGAUGGACCUGCCUCGUCCAAUGGAGGGCCUCGGC	0.9978896	2.4153688	1.0924381	0.9607282	0.6759562	0.605	0.9978896	0.9959934333333332	0.99458038	0.99311603	0.991658948125	0.5843164486047813
base_motif_structure_score	LOC_Os12g17740	LOC_Os12g17740.1	117	5551	5750	GGCCAGUCACCUUUUUUCCUUGUCUAUGGGGCAGAAGCAAUGUUGCCGAGUGAAGUCGAAUUUGAGUCUUUGCGCUUUCGUAAUUUCCGUGAAGAACGCUACGAAGAAGACCGAGUGGAUGACUUGCACCGAUUGGAAGAAGCCCGCGAAGCAGCUUUGAUUCGGUCGGCUCGAUAUUUACAAGGGUUGCGGCGCUAUCA	0.9978867	2.2058592	0.554517	0.9752594	0.62847364	0.55	0.9978867	0.9961131233333335	0.9926669200000001	0.9839740260000001	0.9909955166666667	0.653754547531908
base_motif_structure_score	LOC_Os12g13920	LOC_Os12g13920.1	116	3101	3300	CAACUGUUGACCUUAACAAGGUUGGAUACUCGGACGAACCUUUUGUCCUUGCCAAUGAUGUAACGCAAGUCUUUUUCGUGAAGGACAUGUCUAGCAAAGGAAAGAAGGGCAGAGGGCCUGAUGAGCCUAAGCGUCAAGUGGUUCUCCCAAGCAAAAGAAAAAUCGUCGGAGUUGAGGACAAGACUGACGAGGAUUACGAU	0.9978861	1.3721563	-0.106305964	0.99214023	0.57186776	0.49	0.9978861	0.9934958566666667	0.990510546	0.976603546	0.9881168499999999	0.6543678640208297
base_motif_structure_score	LOC_Os05g34710	LOC_Os05g34710.1	17	501	700	UUUGAUUUGGAGAAGGGCGUAUGCGCGGUGACGGCGCUUGGUGAGUUCGGCUCGGAUUCGAGCCGGCUCUCUCUCUUUUUUUUUUCUGGAUUGGGUAAUGCUAAAAGUGCCGGUUCUAUUUUCGUUAUAGGUGUCGCUUAGUAGUAUUGGUGCCAGAUGAAAAUCUGUUACCUAUGGCUCUCUAUGAACCGAUACCUUUG	0.9978848	2.61376	0.24812801	0.9682832	0.6053653	0.51	0.9978848	0.9961467366666668	0.9935340920000002	0.9755294880000001	0.9978848	0.7893885499278844
base_motif_structure_score	LOC_Os11g07580	LOC_Os11g07580.1	13	301	500	GGGAGCCGCGCGGCGCUGCUGCUGCAGUAUCUGGAGGACCAGAUGGAGCUCGUCGGCGGCGGCAGCGGCGGCGAGGCGGAGGAGGGCAAGAAAGCAUCGGCGCCAAUUGGAGACGAGCAUCACGAGCUUAGCUAAGCUUGGAGAUCAAGAUUAAUUUUACGAUUUUUUUUUUGUUGUUGUUGUUUGAUUGAUGAUAUGCU	0.9978758	2.5738268	0.43067983	0.96653	0.6162455	0.54	0.9978758	0.97845117	0.949052854	0.9041229420000001	0.9978758	0.8075080538971198
base_motif_structure_score	LOC_Os12g37980	LOC_Os12g37980.1	61	2801	3000	CGACGACGAGCGGCGCCGCCAAUAUCAGCGCGGCGGCGUCGGCGGCGAGUGUCAGUGACGCCCAGAUCGGCGAGCUGAGGCAGGAGAGCGUGCUCGAGCUGGGACCAAGAUGAUGAUGAUGAUGAUGAGAGUGAUCGAGUUAGGUUCAGAUAAUCAACUAGUUCUUGAUUGAAAAUGUUCCUUUUUUUUCAUGGGAGAUA	0.99787426	2.61376	0.69162416	0.9605305	0.60296327	0.585	0.99787426	0.9767979533333334	0.958435726	0.930286203	0.9670281825	0.7001644444806563
base_motif_structure_score	LOC_Os01g35280	LOC_Os01g35280.1	64	3001	3200	GGAUACUCGGACGAACCUUUUGUCCUUGCCAAUGAUGUAACGCAAGUCUUUUUCGUGAAUGACAUGUUUAGUAAAGGAAAGAAGGGUAGAGGGCCUGACGAGCCUAAUCGUCAAGUGGUUCUCCCAGGCAAAAGAAAAAUCGUCGGAGUUGAGGACAAGACUGAGGAGGAUUACGAUCAGUUGGAUGGGCAACCCCCUUU	0.9978676	1.3721563	-0.20501357	0.9924509	0.5820655	0.45	0.9978676	0.9930138566666665	0.979515628	0.957502264	0.98466736	0.6967492093485772
base_motif_structure_score	LOC_Os04g03700	LOC_Os04g03700.1	48	2251	2450	GUUGACCUUAACAAUGUUGGAUACUCGGACGAACCUUUUGUCCUUGCCAAUGAUGUAACACAAGUUUUUUGCGUGAAGGACAUGUCUAGCAAAGGAAAGAAGGGCAAAGGGCCUGACGAGCCGAAGUGCCACGUGGUUCUCCCAGGCAAAAGAAAAAUCGUCGGAGUAGAGGACAAGACUGACGAGGAUUACGAUCAGUU	0.9978661	1.1350584	0.743997	0.99044013	0.60486716	0.61	0.9978661	0.9895106666666668	0.98421162	0.9641100439999999	0.9895106666666668	0.7171306077942395
base_motif_structure_score	LOC_Os01g68060	LOC_Os01g68060.1	44	251	450	CCCCCCGCGUCGCGGGCUUGGUUGAUCGAUCGAUCGGUUGGUUGGUUGGUUUUGUUGGAUUUUUUUCCUUGGUCGAUCUAGUUGAGAUGGGAGGGGGCCAGUCGAGGAGCCCGCGGGACGGGAGCGGCCACGGGAGGUACGGCCACUCGCCGUCGUUCCAGCAGCAGUGGGGCGGUGGCGGUGGCGGCGGCGGCGGCGGC	0.9978649	1.9823933	1.7022207	0.9648921	0.7161465	0.7	0.9978649	0.9967488866666666	0.994109932	0.972347607	0.9967488866666666	0.7232722451835163
base_motif_structure_score	LOC_Os08g24750	LOC_Os08g24750.1	39	1751	1950	CGUGCAACCUCACGCCGCCGCGGGUGGGCGAGGCGGAGUGCCGGGAGAUGGCCGCCGUCGUCGACAAGGAGGACGUGGCCCGGCACGUCAAGGUCUGCGAGGACUUUGAUAGAGGGGUGAAGUUUUUCGAUUGAUCACGUUCUCUCAUUGAAUUUUGAGUCGAUAGCUGGUUCUUGACUUCUUUUUUUUUUCCUUACAGU	0.9978637	2.61376	0.4045841	0.9654601	0.6179313	0.535	0.9978637	0.98861718	0.9733392820000001	0.9564545140000001	0.9973085500000001	0.7317672952556319
base_motif_structure_score	LOC_Os12g29550	LOC_Os12g29550.1	38	1	200	GUGUGCGCCUAGCAUUAUUGUUUUUUCCUUUUUUUUUCUUUUCUUUUUCUCUCUUCCCCAUUCGCCUUCCUCCAAAACCCCAUUCGCUUCGCUCCUCCUCGUCGUCGUCGCCGCCGCCGCUGCCGCUCGCCGUAGUUAGUAUCCGCGCGGUGAGGAUGGCGGAGGAGGAGGAGGAGAAGAGGAGGUUGGGGGAGGGGGAG	0.9978623	2.61376	0.9549037	0.9549829	0.62370324	0.585	0.9978623	0.9736659833333334	0.9665728580000001	0.947807128	0.9808542	0.7335921890568875
base_motif_structure_score	LOC_Os03g47260	LOC_Os03g47260.1	16	401	600	UGAGGGAGUUCGCGCUGCUCCGGCAGCCUCGGCUGUCGGUGAUGCCCGUGCCGGCGAAGGUCUGGGACUGGAUUUGCGAGAUGGGAGGGGGUUUUGUGCAAGAUGGGGAGGAUGAAGAUGAUUCCUGAUGCUAUCAAGGUAAACAUGCUUUUUUUUUCCUCCCCUUCUGCAAAUUCGUAAUGCAACUAAAGCCCUUCUUU	0.9978561	2.61376	0.61574244	0.96163076	0.637837	0.555	0.9978561	0.9915054666666667	0.9840464000000001	0.95377323	0.9978561	0.793482957937483
base_motif_structure_score	LOC_Os04g32850	LOC_Os04g32850.2	74	401	600	AUUUUUUUUUGUUUUUUGUUUUUCUUGUGUGCAGAUGGGUAUAUUGGUCAUCUUGGUGGACCUGCAAUGCUGCCGCUGCGAUGCCAAGAUCAGGAAGGUCCUGGGCUGCCUUGAAGAGGAGUACUGCAUCGAGAAGGUGGAGUACGACGUGAAGAACAACAGGGUGAUCGUGCGCGGGAAGUUCGACCCGGAGAAGCUGU	0.9978544	2.5738268	0.56789094	0.96389085	0.6220812	0.565	0.9978544	0.99218239	0.980671354	0.9621078860000001	0.9862434425	0.686413465475206
base_motif_structure_score	LOC_Os07g33650	LOC_Os07g33650.1	113	2101	2300	UCUUGUCAGUAGCAUAUGUUUGUUUAGUUGUGAUAAAUUAUCUUUUUUUUCCAGAUCAUGCCUUGUGCUGCGGCCGAGCUCGCCAAUGGCGAGGCGGCGGCAGCAGCAGCAUGCGCGGUGAAGGUCGGCACGACCGGCACCAUCGGCUCGCUGAUGACGAGGGAGCUGGAGGCCAUCAAGGCCGCGCCGCCGCACGCCAC	0.99785346	2.61376	0.6465989	0.96101	0.62544787	0.56	0.99785346	0.9895919533333334	0.9847605319999999	0.97788236	0.9827781266666666	0.6562089592917628
base_motif_structure_score	LOC_Os07g23440	LOC_Os07g23440.1	129	3351	3550	AUACUCGGACGAACCUUUUGUCCUUGCCAAUGAUGUAACGCAAGUCUUUUUCGUGAAGGACAUGUCUAGCAAAGGAAAGAAGGGCAGAGGGCCUGAUGAGCCUAAGCGUCAAGUGGUUCUCCCAGGCAAAAGAAAAAUCAUCGGAGUUGAGGACAAGACUGACGAGGAUUACGAUCAGUUGGAUGGGCAACCCCCUUUCA	0.9978479	1.3721563	0.3478649	0.98997974	0.56687456	0.55	0.9978479	0.9926950166666667	0.987455922	0.9736573350000001	0.9805473071428571	0.6467295093485772
base_motif_structure_score	LOC_Os07g16480	LOC_Os07g16480.1	110	5251	5450	CCUUUUUUCCUUGUCUAUGGGGCAGAAGCAAUGUUGCCGAGUGAAGUUGAAUUCGAGUCUUUGCGCUUUCGUAAUUUCCGCGAAGAACGCUACGAAGAGGACCGAGAGGAUGACUUGCACCGAUUGGAGGAAGUCCGCGAAGCAGCUUUAAUUCGGUCGGCUCGAUACUUACAAGGGUUGCGGCGUUAUCAUAAUCGCAA	0.99784756	2.2058592	0.45323405	0.9760257	0.61830175	0.55	0.99784756	0.9963469866666665	0.991245872	0.9809327519999999	0.9892921100000001	0.6581267666824946
base_motif_structure_score	LOC_Os10g27260	LOC_Os10g27260.1	167	3151	3350	UUUGUCCUUGCCAAUGAUGUAACGCAAGUCUUUUUCGUGAAGGACAUGUCUAGCAAAGGAAAGAAGGGCAGAGGGCCUGAUGAGCCUAAGCGUCAAGUGGUUCUCCCAGGCAAAAGAAAAAUCGUCGGAGUUGAGGACAAGACUGACGAGGAUUACGAUCAGUUGGAUGGGCAACCCCCUUUCACAGUGACGAUUGACCC	0.9978461	1.3721563	0.359376	0.9899144	0.5865234	0.545	0.9978461	0.9950925666666667	0.990705688	0.978748403	0.9807697033333334	0.628230228861062
base_motif_structure_score	LOC_Os05g04360	LOC_Os05g04360.1	31	51	250	GUGUCCUAGAAACCAUCGAGAUCGCCCUCUCCCCCCUCGGAUCGCGGCCUCUCGCGCGGAUCGAUCGCUGCUCGGUUUCUUGAUUUUUUUUUUAUUUUUUUUUCUCCGGUGACCGGAGAGGCGGUGGUGUUUGGAUCGGGAGGGGAGAGAUGGUGGCGGAGGCGGAGGUGAUGCAUCAGCCCGUGCCGGUGUUGGAGGUG	0.99784327	2.5738268	0.6284506	0.96263516	0.6118533	0.59	0.99784327	0.99690114	0.9924387960000001	0.973081745	0.9977612849999999	0.74784327
base_motif_structure_score	LOC_Os03g22720	LOC_Os03g22720.3	94	901	1100	CCUGUCUUUGCCGUUAUGGUCGAGAUGAAGUCGGAGCUACUCGCUGAUGGGGUGCGGUGACGCCUGGCAACGAUGACAUGUUGCAGUCUCUUCCUAGGAGUUGUGGUGCUGGCCGUGUAAAGGAAGUGGCUCCUCGGUGGCUUGGCUGAUGUCCAUUGUUGGAUGUCGGAGCUGCUUUUUGCUUUGGCGACUUUCAUGGC	0.99784315	0.6602137	0.7437769	0.9939692	0.66946626	0.54	0.99784315	0.9946000366666666	0.992234062	0.9884004220000001	0.992234062	0.6693503695834526
base_motif_structure_score	LOC_Os02g46440	LOC_Os02g46440.3	62	505	704	ACGAGCCCAAGAAGAACGAGAGGAUCGAGGGGAAGCUUGGCAUCGUCAUCGACACCAUUAAGGAGCACGGCAUUAUAUUUGUUUAGGCAAGUUCAGCUUACAACGUUGAUUAAAAUGUAAGUAGGAUUUUUUUUUGUGCUAUUGCCUUCUUAAUGUCGGUCUUGUGAUGUUAUUCUGCUUGUAGAAUUGCUUGUUUUUCU	0.9978416	2.5738268	0.9030148	0.9573403	0.65219355	0.57	0.9978416	0.9976049333333333	0.98163973	0.963888947	0.9881510625000001	0.6989776038250042
base_motif_structure_score	LOC_Os01g07080	LOC_Os01g07080.1	71	1851	2050	GAUGGCGGCGAUUCUGACCUGGACGAGAGAAAGGAGAGGGGCAACAAGGUGCUCAAGAAAAUCAAGCAGAAAGGGAAGGCAAAAGGGUCUAGGAGAUUUGAAGGGAGGAGCAAACAGAAGACUAGGAGAAGAUGAAAAGUAUAUCUUGUUCUUAGCAAUUUUGCUUUUUUUUUUCUUUAACCAGUGUAGGUUGCAAGUUU	0.99783725	2.61376	0.30009153	0.9667663	0.5903771	0.54	0.99783725	0.9906739233333335	0.9857435280000001	0.978423853	0.9885146675	0.6893409999278843
base_motif_structure_score	LOC_Os11g15440	LOC_Os11g15440.1	56	2051	2250	ACGAUAUUGGUGAAACUAUUGAAGAUUUUGAUGAAGUAGAAAAGCUUGGUCAAGGGUUUACAUCGGCCGAUCCGUUGAAGGAAGUAGACAUAGGUGAUGGUACUAAACCGAGGCCAACUUUUGUAAACAAAUACAUGAGAGCUGAUUAUAAGGUUAAAGUAAUCGAGCUACUUAAGGAGUAUAUUGAUUGCUUCGCAUGG	0.99783677	0.29970837	-0.06511245	0.9971762	0.5605229	0.5	0.99783677	0.99321929	0.991401252	0.985142514	0.99321929	0.706192269291763
base_motif_structure_score	LOC_Os02g54820	LOC_Os02g54820.1	201	201	400	CGCCGCCGGGUUGGGUUUUCUUCUUCUCUUGAUGCGACGUGGAGGCGGCGAGUUGUUCGUCGGGUGCACGAACCGGUGAUUUUUUUUUGUUUUGGCGAUGCCUUCGCUCUCCUGCCACAACCUCCUCGACCUCGUUGCCGCGGCGGACGACGCGGCGCCGUCGCCCGCGUCGCUGCGCCUCCCGCGCGUCAUGUCGGCGG	0.9978362	2.5738268	0.93937874	0.956487	0.6621753	0.585	0.9978362	0.9978362	0.99707878	0.9959852100000001	0.9958607636363638	0.6149256258624102
base_motif_structure_score	LOC_Os09g04290	LOC_Os09g04290.1	66	351	550	ACAUCGGUGCCUCCCUUGGUGCCGCCACCUCCCCCGUCCAUAAAGCGCCGCCACCAUCGCCUUCUACUCCUGUCGCUGUCCACCCCUUUUUUUUAGGAUCGGCGAACGGCGGGCGAGAUCCGGGCUGGUUGUCGGCGUUGGAGGUGUGGAGGCGCGUCGUCCAGUUGUGAGUUGGCAACAGGACGGUGGACGCCAUCCAA	0.99783045	2.61376	1.4283417	0.94284457	0.6717312	0.665	0.99783045	0.9975818200000001	0.9971232540000001	0.987931212	0.9974575050000001	0.6945259904771114
base_motif_structure_score	LOC_Os08g37444	LOC_Os08g37444.6	323	151	350	AAAUAGCAGGACACCGGAUUGGAGUAACAGAGAAUUUAUUUUUUUUUUUCAGUUUUUUCCCCCACCCACACCACAAGCAGACGAAGAAGAAGAACAAGGUUCGUCCGUCGAGAUGUUGGAGGAGCUGCUCAUCUUCACGCGCGGCGGCCUCAUCCUCUGGUCGUCAUGCCGGGCGCUCGGCGGCGCCGCCCUCAAGGGCU	0.9978296	2.5738268	0.16846466	0.9698981	0.59243405	0.51	0.9978296	0.9978295999999999	0.99772766	0.99714665	0.9931765294117648	0.5808370998557688
base_motif_structure_score	LOC_Os07g38080	LOC_Os07g38080.1	145	251	450	UUUUUUUUUUUUUUUGGGUUUCCUUUUUCCGCUCGUCGUUAUCGAGCUCCAGGGUCCAGGUCGGCGCAUCGUCUUCCCAUCCCAGGUGUCCCUCGUACGGUCGGGGUAGCGGUCGUCGUCGUCGGCGGCGGCGGCGCCAGAUCCCGGUCGGUCCCCGGCCGUGCUAACCCCGCUGCACUGCGAGAUGGAUGAUCUUGAAG	0.9978294	2.5738268	0.7736944	0.9596857	0.6234127	0.57	0.9978294	0.9965543	0.9877215999999999	0.963829022	0.9731306875	0.6383381720559991
base_motif_structure_score	LOC_Os05g26090	LOC_Os05g26090.1	22	1001	1200	UUAACAAGGUUGGAUACUCGGACGAACCUUUUGUCCUUGCCAAUGAUGUAACGCAAGUCUUUUACGUGAAGGACAUGUCUAGCAAAGGAAAAAAGGGCAGAGGGCCUGACGAGCCGAAGCGUCACGUGGUUCUCCCAGGAAAAAGAAAAAUCGUCGGAGUUGAGGAUAAGACUGACGAGGAUUACGAUCAGUUUGAUGAG	0.9978282	0.51754737	0.3946577	0.99557096	0.5685231	0.55	0.9978282	0.9785653333333334	0.96804244	0.9326432219999999	0.9847517	0.7716501021971494
base_motif_structure_score	LOC_Os10g40370	LOC_Os10g40370.1	20	151	350	CGUGUUCGAUUUGCGAAGGUGAAUUUUGAUCGGUUUGGUUUGGAUUUUUGGUUUUUUUUUUCUCCAUCAGAUGGAUGGAUUGGCGCCGGCGGCGAUGUCGGAGGCGCUGCUGGUCUUCGCGAGCGGGAGAUCCAUCGGCGGCGCCGGUCCAGGACGACGACCUCAUCUUCGCCGCGGCGAGAGCCGGGAGUUCGCGUGGA	0.9978257	2.5738268	0.29460832	0.9679452	0.6198932	0.505	0.9978257	0.9976739	0.985644408	0.920951223	0.9978257	0.7782098288610619
base_motif_structure_score	LOC_Os08g14050	LOC_Os08g14050.1	26	601	800	CAGCCAUAUCCGUUCACUUUUUUUUGUUCAGAGAGUGAUUUGGUCAUCCAGAUCAUAAGCAAGGAGAAGAAGGAGAAGAGGCCAGUGGGUAUAUUUGAGGCUUAUGCAGAAGCAAGGAAGAAUGGAAAAGAUGGAGAGGACUAUUGUACUGACCGUGUCAAGGGUAAGCUUGAAGCUUAUUUUGGAGUUGUUAAGGAAAA	0.9978254	2.61376	0.36803016	0.96547556	0.59368163	0.54	0.9978254	0.99654378	0.988512476	0.943561725	0.99739965	0.7600810248918266
base_motif_structure_score	LOC_Os04g57870	LOC_Os04g57870.1	80	151	350	AGCCUUGCUGCCUCGCGGGCGAACAAAAACCCCCAGAAUUCUCCGCGUCGAUCUCGCCCCGCCGCGUCCCGGCUCGACGCGGGCCGGCGCCGUGAGGGUGGGGAUCGCAUGUGAAGCGCAUUGGAGCGGAUAACUCGUCUCUAUUUGGGGGAAUUUUUUUUAGUUUUUUGUUUGGGGUUUCCAAUCCUUUUUCUUCGGCG	0.99782336	2.324384	1.2485588	0.96004003	0.6678548	0.655	0.99782336	0.9953687200000001	0.9934791440000001	0.981345312	0.9942343975000001	0.6808308598557689
base_motif_structure_score	LOC_Os07g31620	LOC_Os07g31620.1	13	1	200	AUGGCUUCGAUAAGAAAGGUUGGCGGUAUAGGCAUCGAGGAGGAGACGAGCAAGAACAUCAUGGGUAUGGAGUCCGAUGAUGAAUUUAAUGAGUUCGUAAUGAACGAAUUGAUUGAUCCCUCUUCGUCGGAUGAGGAGCAUGAUCUAUUUUUUGGUGCUGCGCAAAUGAUCAUUGAGGAAUCAGUAAAUAAUCCGGGUCG	0.9978211	1.1281347	0.9423132	0.9893076	0.6301471	0.605	0.9978211	0.9879988666666666	0.971698588	0.9355712590000002	0.9978211	0.8074533538971198
base_motif_structure_score	LOC_Os02g33149	LOC_Os02g33149.1	25	1151	1350	AGCUGUAACCGUACGAUGAAUGAACUCUGUGACUAGUAUAGAACUCUCGUCUGUGGAACUUUUUCCGAAUUAUUUUUGUAAAGAUUUAAGGAAUUACUUAUCGCACGUCGAACACAACGCGACGGUUUGGCCGAGUGGUCUAAGGCGCCAGAUUUAGGCUCUGGUCCGAAUGGGCGUGGGUUCAAAUCCCACAGCUGUCA	0.9978104	1.2229669	-0.16572377	0.99318486	0.5863151	0.45	0.9978104	0.9820120666666666	0.973156722	0.956949601	0.9872287	0.7627884140929454
base_motif_structure_score	LOC_Os02g32200	LOC_Os02g32200.1	58	1651	1850	GCGUGGAAAGAGGGCGGGAUUGCUAAUUGGCGUGCACGCGCUAGCUAACGAAGUAGCGCGCGUUUGGCCCACCAGGUUCAUAUUUCAGCCCAGUCCGAGAAGCGGCCCAUGCGUGUACGGGAGAUCACGCGGUGAUGAACGCUGAUCUGACUGAUCUUUAAUCGUGAAUGCUGAUUUGAUUUUUUUCUAUUUUUGGGAGA	0.9978097	2.1541324	0.61241955	0.97494113	0.6176124	0.56	0.9978097	0.9945032166666667	0.98770208	0.9648172859999999	0.9945032166666667	0.7036775475319079
base_motif_structure_score	LOC_Os12g12760	LOC_Os12g12760.1	35	451	650	UCUGACCGGCGUUGCAUGGCCGGUCUGACCGGUGACCAGGGGCGGUCUGACCGGCCGCAUUCUGCCGGUCUGACCGGCGACCUCGAGCGGUCUGACCGGCCCUGUGUGGCCGGUCUGACCGGUUUUGGGCAGAAUGCUGGGGGGCACGCUUCAAUUGAUUUGGAGGCCGAAUUAAUUAAAAAUUCGGGCAUUUGUGCCCA	0.9978072	-0.51599634	1.7353184	0.99688584	0.71081316	0.695	0.9978072	0.9909781	0.985964372	0.973141663	0.9939458	0.7393109499278844
base_motif_structure_score	LOC_Os01g36780	LOC_Os01g36780.1	64	2801	3000	AGGUCCCUCUGUUCCGGUGCCAAUGGGUUAGGUUGACUGGUGGAGGCGUAAUGAUUGAUUACAGUGGGAUGACAACGGUUGACCAUAACAAGGUUGGAUACUCGGACGAACCUUUUGUCCUUGCCAAUGAUGUAACGCAAGUCUUUUUCGUGAAGGACAUGUCUAGCAAAGGAAAGAAGGGCAGAGGACCUGACGAGCCU	0.9978033	1.3721563	1.3535811	0.9832032	0.6776846	0.65	0.9978033	0.9957034666666665	0.9880904699999998	0.965362303	0.9924896124999999	0.6966849093485772
base_motif_structure_score	LOC_Os11g38980	LOC_Os11g38980.1	169	201	400	GGUGGUGGUGGUGGGCGCCGCCGGCGAGAUGGGCCCGUAGGCGCCGGUGUGGGCGGCAUCCUGUCCUCGCCGACCACCCGCCCCCGCCGGUGCGGCCUCGCCGGCAAGAAGUCUUUGUUUUUCUUUUCUUUUUUUUUUUCAUCUUUGAAGAUUGGAUCCUUAAUUUAGGGGCGAAAAGAGGGGAGUUUGCAAGAGGAAUC	0.9978011	2.61376	1.2310828	0.94726676	0.6902404	0.61	0.9978011	0.9937067333333335	0.98422398	0.9685406630000001	0.9711538588888889	0.627331553193115
base_motif_structure_score	LOC_Os06g47110	LOC_Os06g47110.1	48	2051	2250	CGUCGAGCGCGCACCGGCGGGCCGCCGCGGCGGCGAGCCUCGGGCAGAUUGUCAUGGCAGUAGUGCUUGUGAUGGUUGUGGCGGUUGUGGACUCCUUGUGCUUAUGAUGAGUGGAAAUUUCGGGGGAUUAUAUAUAGCCAUUGUUUUUUUAGCGUUUGAGGGUGCUACAUUGCUGAACGUUUUCAUCAUUUUGGGGGGAA	0.9977964	1.5578128	0.86477643	0.9840978	0.6423214	0.605	0.9977964	0.9937345166666667	0.988121518	0.94584172	0.9937345166666667	0.7170609077942396
base_motif_structure_score	LOC_Os07g34570	LOC_Os07g34570.1	55	1101	1300	AUCCUGGCGUCGAAGGACGACGGCGAGAUCGUGGACGCCUGAGCGAAUAGAACAGGGUAAAAAAAAAUCCGCAAGACGUGGUGGUGACACGGAGGAGUUGGGGACGAGAAGAAGAUGUGGACUUUCCCCUGUGUUUUUUUUUCGGGAUUUGCAUUGAUCCCCUUGUUUGUUUUAGCUCUGGAUGUUGAUUAGCGUCUUGU	0.9977925	2.5738268	1.0519105	0.9531969	0.647195	0.595	0.9977925	0.9975029866666666	0.995280066	0.9765591309999998	0.9975029866666666	0.7074247538971198
base_motif_structure_score	LOC_Os04g37490	LOC_Os04g37490.1	25	951	1150	UAUUCGACUGGGAGCUGACCAAGGAAGACCGUCUCAAGAUCAGCCAGAUCCCGCAGAAAAAGAUCGUCACGGCUGCACGAAUGUUCUCUCCGGAUGGUGAGUUCGCGUCGGUUGAUCUAUCAGACAUGGAAAUUGUGGAGGAGUAGGUCCAGAUGAAGAUGCCUGGCUGCCCCUGCUGCAGUUUUUUUUUCACGUUUGUA	0.997792	2.5738268	0.79864407	0.9585244	0.6310953	0.585	0.997792	0.99371695	0.966067402	0.9186406629999999	0.9974417	0.7627700140929454
base_motif_structure_score	LOC_Os12g23920	LOC_Os12g23920.1	117	5551	5750	UUUUUCCUUGUCUAUGGGGCAGAAGCAAUGUUGCCGAGUGAAGUCGAAUUUGAGUCUUUGCGCUUUCGUAAUUUUCGUGAAGAACGCUACGAGGAAGACCGAGUAGAUGACUUGCACCAAUUGGAAGAAGCCCGCGAAGCAGCUUUGAUUCGGUCGGCUCGAUAUUUACAAGGGUUGCGGCGCUAUCAUAAUCGCAAUGU	0.9977888	0.9913514	0.72072023	0.9915097	0.6302835	0.58	0.9977888	0.9964321866666667	0.992407362	0.9818299830000001	0.990380735	0.6536566475319079
base_motif_structure_score	LOC_Os03g08920	LOC_Os03g08920.1	40	1401	1600	CACGGCGGCAGCAAAAGGGUUCACCCGGUCGCCGGAGCUCAGGACGAGACACCCAGCGGGUCCGGCUCCGAUGGGAGCAAGGAGAACUCCGAUUCUGACGCGUUAAACCGAGUUUGAAUUUUGUUUUCUCCUCUUCUUUUUUUUUCUUGUGCUUCGUUCUAAUUGUGCAGCGGUGUAGUAAUACAAAUUAACGAUAAACU	0.99777716	2.61376	0.4880441	0.9626355	0.5870893	0.565	0.99777716	0.9955011200000001	0.979895432	0.951719022	0.9968608000000001	0.7298995597690958
base_motif_structure_score	LOC_Os04g42290	LOC_Os04g42290.1	35	201	400	CGUCUCCGCGAGCUCAGCUCAGAGUGGGAGGCUUUUUUUUGGGGGGGCGUUGCUUGGGGUAUUAUGGGUGGAGGCGGGCGGCUGAGCUGUUCCUGGGCAAUGCCGGGGAGGCCCGGUGCCGAUUGCUAGGGUUUUGCUCGUGGAUUCGCGUGGGGAGGCGGGGAUCGCUUGGAAUGCGUGGGUUUCGUGCAAUCUACUGC	0.9977729	2.61376	0.94440395	0.9534181	0.6679303	0.58	0.9977729	0.9974961166666666	0.986465256	0.9593425979999999	0.9977151	0.7392766499278843
base_motif_structure_score	LOC_Os01g35580	LOC_Os01g35580.6	247	1051	1250	AAUACAUUUUUUUUUCUCAGUUCCCGAUCGAUCCUGAUUAUGAGUUUGGUACUCCGCAACAACGAGUCCCAUAUCAAGCGGCAUACACUACAGAUGCAGAGAGAAAUGACGCAGUUUCUCGUGACAAGCGUGCUCAGAGGGCGGUUUGGAAUACUAAUCUCCGUCUUCUAGAGGUGAAGAAAUCCGCCCUGGAGAAGAAG	0.9977666	2.5738268	-0.06525795	0.9723688	0.5729135	0.485	0.9977666	0.9977362666666666	0.99729432	0.9942917999999998	0.9914487399999999	0.6000567844806561
base_motif_structure_score	LOC_Os05g15340	LOC_Os05g15340.1	17	201	400	UUCGGCGGAUGAUGUUGCUAAUUCUGAGCUCCAUGGCCCGCCUAAUGGUGGAGGUCAUGGUUUUGUAGCUGCUAGAGCACGAGGAGGAGGUGCUCGCGGGCGAGGCCUUGGCCCCCGUGCGCACUUUGACGGUCGUUUUGAGCCCCAUGGUCAUCACCAUGUGGAGGAAUAUGGUGAUAAUGAUGUUUUUUUUUCGCAAA	0.9977653	2.5738268	0.86026084	0.9567879	0.64110065	0.59	0.9977653	0.99696344	0.9902359480000001	0.9554391579999999	0.9977653	0.7892690499278844
base_motif_structure_score	LOC_Os08g42460	LOC_Os08g42460.1	4	110	309	GGAUGGGCGGUGUGCGGCAGGUGCGGGGACGGGCGGUUGGCGGCAGCGGGUGGUGGACGGUGGCGCAGGGACAGGCAUUGGCGGGCGGGGGUAAUUCGGUCGACCGUGAUAGUUCGGGGAGAGAGGUUAAUUCGUACUUUUUCCUUGUUAAAACAAUGGCCGGUUUGUCUAGGCUCAACAUAACGCUAUCGCAUAAUUAA	0.9977635	1.2507108	0.49342483	0.9900794	0.5904348	0.545	0.9977635	0.98435242	0.940781065	0.940781065	0.9977635	0.8816670952556319
base_motif_structure_score	LOC_Os03g56750	LOC_Os03g56750.1	5	51	250	CGGCGUGGGGGUGGAGGAGAAUGCCGCCGCCUGCAAGGAAUGGGAUGUGGGGAAUACGAUCAACUCGUGCGUCGCGUCGGCGUGGGGGGGACGAGAUGGACGCGAUCUCACCUUUUUUUCUCGCCGGGGAAGGAGGGGAGCGCGGCGUCGACUCGCCUUGUGCGGGGAAGAAGACAAGAGGGGUGGGGUUUGCCAGAAUA	0.9977627	2.4553025	1.2281183	0.95394945	0.65550095	0.645	0.9977627	0.9975563333333334	0.9766836400000001	0.9766836400000001	0.9977627	0.8685145749639422
base_motif_structure_score	LOC_Os01g08290	LOC_Os01g08290.1	32	401	600	AUCCGGGCGGCGGUGGCGGUGGCGGCGGGCGGCGCCAUCGCGGCGCGCGCGGUGCGGCGCAAGUCCGUCGACUCCACCGCGGUGUUCGUCGGCGUUCCGGCCAUGGUGGCCCACACCGUCGCUGGGUACAGGUGAAAGGGCGGCUAAUUUCUCUUUUUUUUAAAAAAAAUAUUAUUGAUAAAAAAAUCCUGUUUCUGAUG	0.99775416	2.61376	0.78391755	0.95650834	0.6466735	0.56	0.99775416	0.99698471	0.996089506	0.990875315	0.99725203	0.7455344540320772
base_motif_structure_score	LOC_Os08g20270	LOC_Os08g20270.2	64	101	300	GGACGGGGUACCACUACCCACCGGCCACCGGGGAUGGCCCCGUUGCCAUCCCUCCAGUGACGACACAACUGAAUUCGGUGCCUUCCUUCGGCUAAAGCGCAGAGAGAGAGAGAGAGGGAGGACCGGACGGCCUACUUUAUUAUUUUUUUUCUUUUUUAUUUUGCAGCCCAAACGGAAAGAAAACAAGGUGAGAGGGUGAG	0.99775344	2.61376	1.2298499	0.9462115	0.6557711	0.655	0.99775344	0.9947969266666666	0.991048842	0.9702225849999999	0.9934375950000001	0.6966350493485772
base_motif_structure_score	LOC_Os03g20470	LOC_Os03g20470.2	41	401	600	AGCGGAAGGAGGAAGAGCAGCAGCAGCAGCAGGAGGAGGAGGAGGCGGGGGCGUUUGUGCCUUAUCCGGACCCUGUACAGGUGGGCGAGAUCACGCUCGAGCAGCUCGCGGCCUACGACGGCAAGGACCCCGCGAAGCCGAUCCUCAUCGCCAUCCGCGGCCAGGUCUACGACGUCACGCGCGGGAGUUUUUUUUUUUUA	0.9977519	2.5738268	0.65804696	0.96055377	0.62539107	0.555	0.9977519	0.9955263666666667	0.9907123999999999	0.977371378	0.9955263666666667	0.728136028861062
base_motif_structure_score	LOC_Os09g21980	LOC_Os09g21980.1	66	3101	3300	UUAACAAGGUUGGAUACUCGGACGAACCUUUUGUCCUUGCCAAUGAUGUAACGCAAGUUUUUUACGUGAAGGACACGUCUAGCAAAGGAAAGAAGGGCAAAGGGCCUGACGAGCCGAAGCGCCACGUGGUUCUCCCAUGCAAAAGAAAAAUCGUUGGAGUCGAGGACAAGACUGACGAGGAUUAUGAUCAGUUUGAUAGG	0.99775153	1.04635	0.60909307	0.99137455	0.57927316	0.58	0.99775153	0.9966773233333334	0.9938634740000001	0.977555035	0.9962091925000001	0.6944470704771114
base_motif_structure_score	LOC_Os12g38340	LOC_Os12g38340.1	10	441	640	CCGGCCGUGAUCGAUCGAUCCGGCCGCCGCCGUAUACGCGACACAUCGGUGAUGAUGACGGUAAACCGGCGGUGGUGCAAAUUAACGUAUGUACUUGCAUUUGCUAAUGCAGUAAUUAAUUAAUCUACUCCUGUUGUUUAAAGGGCGUAGUACUAGAUCUCUCUCCCGUCUAAGAAUAAAAAUCACGAGUUAAUCUUUUU	0.9977465	0.40074274	-0.5380609	0.99743015	0.5587235	0.41	0.9977465	0.9713466666666667	0.946199668	0.890443647	0.9977465	0.824774919068135
base_motif_structure_score	LOC_Os05g20360	LOC_Os05g20360.1	88	4101	4300	GCGCACCACCCCUAGUCGAGCUACGGGCCAGUCGCCUUUUUUCCUAGUUUAUGGAGUAGAAGCAAUGUUGCCGAGUGAAGUGGAAUUUGAAUCGCUACGAUUUCGGAACUUCAACGAGGAGCGCUAUGAAGAGGACCCAGUAGAUGAUAUCAACCGACUGGAAGAAGCCCGUGAGGCAGCUUUAAUUCAGUCGGCUCGGU	0.99773836	2.2058592	0.8176632	0.9699589	0.6257796	0.615	0.99773836	0.9938132733333335	0.9869840160000001	0.972513773	0.9869840160000001	0.6739516884516801
base_motif_structure_score	LOC_Os02g11870	LOC_Os02g11870.1	18	842	1041	AUUAAUCGAUGUCGAUGGUUUAAAACUGUCGAUGGCGGGUAAUUCGAACCUCGUUUUGCUUUGCUCUCGAUAUGUAAAUUAAAUUUGUGGAAUGAAUUAUGCUGUCCUAAUCCAUCGAUCGAAAUGAAGAUGAAGAUGAACAGUAUGGACACUGAUGAUACUUUUAAUAUUACUUUUCUGCUUGAAUUAUGUUUUGUUUU	0.99772817	1.1982313	-0.4378646	0.9939738	0.582424	0.355	0.99772817	0.97690167	0.9673378320000001	0.94565851	0.99772817	0.7853317943278207
base_motif_structure_score	LOC_Os03g55120	LOC_Os03g55120.1	17	51	250	CGUUUCAGGCGGCGAGAGCGGGAGAGCAAGCGAAUUCUCUCAGCUCGAUUUGUGUUUUUUUUUUGAGGGGGAGGAGGUGAGUGCAACGGCGAUGGUGAUGACGAGGAGGAGGGCGGCGCUGCUGGUGGUGGCGAUGUGCGCGUGCGCGGCGCUGCCGUCGACCACGACGGCGAACAAGUUCUCCAUCAACUGGAAGCCCA	0.99772745	2.5738268	0.5807367	0.96159315	0.58246505	0.57	0.99772745	0.9970244833333334	0.986260044	0.942024061	0.99772745	0.7892311999278844
base_motif_structure_score	LOC_Os10g25040	LOC_Os10g25040.1	113	301	500	GGUGGCCGGCGAGGCGGAGGCGCGGCUCGGGGCGCGGCUGCUGCCGUCGGAGGUGCCCGCCGACGUCGCGUGGUUCGGCAACGCCGCCGGGGACGCCGUCGGCUCCGUCGACGUGCGCCGCGGCGCGCCGGGAUCCUCGGUACGUACACACACAGCAGCGCGUUGCGAGUUUUUUUUGUUCUUUUUUUCCGUUCGAUGGA	0.99772686	2.61376	1.3031342	0.94369227	0.67442775	0.625	0.99772686	0.9966862866666667	0.9959070860000001	0.9937812920000001	0.995680305	0.6560823592917628
base_motif_structure_score	LOC_Os01g60190	LOC_Os01g60190.2	84	51	250	UGAGCGCGGUAGCUUGUUUGUGGUUCGGUUGUUCGCCGAUCGAUCGGUAGAUCCGCCUGUGCGAAUCUGAUCUGAGGCUCGAAAUCUGAUAAAAUUGGCGAGAUUUACAGCGUUGCUUAGUGUUAAUUAUGCUCGAUUAGGCCACGAGUUGGUUCGGAUUGCUAACCCUGAUAUUAGUUGACUUAAUUAUGUGUAGUUUC	0.99772197	0.62304753	-0.08969582	0.995946	0.61613727	0.415	0.99772197	0.9901003633333333	0.984748658	0.978015307	0.984748658	0.6772524231931148
base_motif_structure_score	LOC_Os04g51794	LOC_Os04g51794.1	80	51	250	UGCCGCGUUCGAUAUAAACCCUCCCCGGCAGAUUCGCGAUCGGUUUCCGACUCCUCUCUCGCGCCGAGCCCGAGCUAAGCUGCGCGCCAUUGUAGCUAGCUUUGAUCGGCGUCGGCUUGUUGGGGGGAAGGGGCUUGUGUGGAUCUCGCGGCGGAUUCACCGAGCGAUUCGCCUUUUUUUCCGUUUGAUCCGAUUCGGUU	0.9977175	2.4553025	1.0192442	0.9575176	0.6453154	0.61	0.9977175	0.9975893100000001	0.9970931719999999	0.993989534	0.997525215	0.6807249998557687
base_motif_structure_score	LOC_Os05g25640	LOC_Os05g25640.1	34	1551	1750	CCGUCGUCUGCAAGCCCAUCGACGCCUAGGUCGAUCGAUCGACCUACUCAAAUCAAUCAUGUGCUGCGUUAUCCUAUUGCACUAAAAAAAGGUUGUAUUUUUGUUUGGGGGGGGGGGGGGGGGGUAGUUAUGUGUGUGUUCUGUGAGGCAGGCACCUGUUGUUGUAGGUUUACUUAACUUUUUUUUUUCUUAUACUUGUU	0.99771345	2.61376	-0.09859437	0.9710815	0.5447099	0.51	0.99771345	0.9855490700000001	0.9786466220000001	0.957410737	0.9912512250000001	0.7412492991527517
base_motif_structure_score	LOC_Os03g23010	LOC_Os03g23010.3	103	201	400	AGUUCGCGAUCUGCGGUUCCGCGAGAGUGAACGGAUCUUCCGGAUCGUGGAAAUUCAUCGUUUGCUUUUCUUUUUUUUUUUUGUUUCUUCUUUGGAUGUGUCUCCGAUCUGAAUCCGCUUGAUCUGGACAGAGGAGGAAGGAAGGAAGGAUGAGCGCCACGGCGGUGUCGUCGCUGAACCCGGACGCGCCGCUCUUCAUC	0.99771297	2.61376	1.1456746	0.9474299	0.67450607	0.66	0.99771297	0.9973892233333334	0.996953564	0.989804142	0.9967300366666666	0.6626909840929454
base_motif_structure_score	LOC_Os02g50660	LOC_Os02g50660.1	53	2451	2650	UUGGAUACUCGGAUGAACCUUUUGUCCUUGCCAAUGAUGUAACACAAGUCUUUUUCAUGAAGGACAUGUCUAGCAAAGGAAAGAAGGGCAGAGGGCCUGACGAGCCUAAGCGUCACGUGGUUCUCCUAGGCAAAAGAAAAAUCGACGGAGUUGAGGACAAGACUGACGAGGAUUACGAUCAGUUGGAUGGGCAACCCCCU	0.99771047	1.258543	-0.52330357	0.99382	0.5519291	0.41	0.99771047	0.9904650233333333	0.980625306	0.9653154070000001	0.9904650233333333	0.7099660948918266
base_motif_structure_score	LOC_Os01g72090	LOC_Os01g72090.1	46	851	1050	GCCCGUGAUGAUGGGUCAGUGAACAAGAAAAGGAGUAUGAUCGGCAAGUCUUUUGAAACUAGGCCUUGGGACGCCAAUGGAGAAUUCAUUGGCGAUGCCGAAGCACAGUAAAAUGUUCGCUACGCCUUUCGGCCUGAUCAAUCUCUCUUAUGCUUGUAGUACUGUUUUCUUUUUUUUUAGAAAACUUACAUUUUUCAUGC	0.9977068	2.61376	0.37854788	0.9634727	0.61628926	0.525	0.9977068	0.9958277633333333	0.992637784	0.986735524	0.9958277633333333	0.7199773574161181
base_motif_structure_score	LOC_Os03g21730	LOC_Os03g21730.1	71	251	450	GGCCUUGCGCGUUCCGGCUUCCGAGGCAAGAAGGCCAUCCUUUUUUUUUCUUGCUGCUCGUGCGCGUUUCGGCUCUCCGGAGUCGCGGCAAUGCGGGCUCUGGUGGUGCUGGUUGGCUUGGCCUGCCUCGCCUUCGUGGCGGAGGCCAAGGGCGGCGGCGCGGCCUCGGCGGCGGCGCUGGACGACGACGUGCUGGGGCU	0.9976914	2.61376	1.1264913	0.94743806	0.6903307	0.6	0.9976914	0.9970750233333333	0.987784924	0.961487652	0.9968635175	0.6891951499278843
base_motif_structure_score	LOC_Os11g41940	LOC_Os11g41940.1	9	201	400	AAAAUGACAAGUUUUUUUUUGCUAACAUUGCUGUGAAAUUGAAGUGUUUGCUGGGACGUCUUUGUACUGCAGAUCCGCCCCAGGCACCAGAUCUGGAGCGGAACAAGAGGAAGAAGGUGAAGAAGAUGGUGGAGCGUGUUAUCGAUGGUGGGGAUCUAGACUUGGUCUUAUCGUACGAGAACGACGAAGAAUGUUUGUUA	0.9976829	2.5738268	0.5123408	0.9621349	0.60904443	0.555	0.9976829	0.9922490333333333	0.986748508	0.9270542555555557	0.9976829	0.8315864952556319
base_motif_structure_score	LOC_Os09g27080	LOC_Os09g27080.2	105	1901	2100	GGAAAUGCUCUGUGGUUAUAUUUGUUGCACACAAGACGACGUUGAAUGCCAAAUAGCUGUCUUUGACAUGUGUUUCCUUUUUUUUGUAAUGUCUUAUUCUUUGUAUUGCAGGAUGAGUUUCGUGAACCUGAUAGAUGAAUAUGAUGAAGGAAGGAUGUCUUGGGAUGACUUCAGCUCAGAAGUGAAACGUAUACAUAGAG	0.99767846	2.61376	0.109049	0.9675453	0.6082131	0.475	0.99767846	0.9952420700000001	0.9888260280000001	0.962364136	0.9863869566666668	0.6612824372718401
base_motif_structure_score	LOC_Os01g35720	LOC_Os01g35720.1	108	3151	3350	GAGGAGGAAGAAGAAGUUGAGGAUGAGGAUGGCGAAGUCUUUGGUCGUGAUGACACAACGAACUACAGAACCAUCAUUGUGCAGCGGAUUUUUUUCGUCAUCAACAACCGUCGUGCACGUGUGAUUAUUGAUGGAGGUAGCUGCAACAACUUGUGGUUAAACGAUUCCGGAAGAGCAAAGGUAACACAGAUUCUGUUGAU	0.9976769	2.0689578	0.6436401	0.9751983	0.6322252	0.56	0.9976769	0.9973772333333333	0.989912526	0.9783978879999999	0.9878906216666666	0.6592676837611536
base_motif_structure_score	LOC_Os07g28440	LOC_Os07g28440.1	30	201	400	GCGGCGGGGAGCGAGCUGCGCGUUUUUUUUUCCUCCGGGGCAUGGUCGUCGCCGCCGCCGCCUGAUCGGCUCACCUUGUCCGCACCGACGAGCCGACGAUGGGGAUGUCGGGGGCCACCAAUGGCUGCGGCGCCGGCGAGUACAUCAGGAUCCCGGAGGACGUGGAGGCCGGGUUGGGGAAGGAGGCGGGGAAGGGGGAG	0.9976687	2.5738268	0.6368244	0.9595642	0.64177084	0.58	0.9976687	0.9951620333333334	0.98988011	0.969270603	0.9972383	0.7499588844806562
base_motif_structure_score	LOC_Os05g13520	LOC_Os05g13520.1	55	2551	2750	UUGGGCGACCUUGCGACGACGAUGACAACAAAGAUGAUGAUCAUAUAGAUGGUGUUCGUGUGCCACGAAUCGAUUAAUUAAUACUUGUGUAUGUGUUGCCCUUGGAUUGUUUUCAGCUCGUUGGAAGCUGGAAGGGUUCAUAAACUGAUAGCGUAUUCUUUUUUUUAAGAUCUUGUAUUUUACUGUAAGAACUCGGUCUC	0.9976653	2.61376	0.35623518	0.9632307	0.6026825	0.55	0.9976653	0.9855775666666666	0.976964322	0.952989333	0.9855775666666666	0.7072975538971198
base_motif_structure_score	LOC_Os11g44910	LOC_Os11g44910.3	108	1	200	CCACCGCGACAGUUUCCCGCGCUUUUUUUUUGCCCCUCUCUCCGGCGACCGGCGCUAGGGUUUCCUCCAUUCGGCGGGGCGGAGGUGGGGCGCGCUCGCCGGAGAUGGCGGGGUACGAGAGGGAGAAGAAGCGGCUGCUCGACCUGGCCGCUGACUCCGGCUUCGAGCGCGACCUCGCCGCCGACUGCCUCGACAGGAUC	0.99766326	2.61376	0.6422446	0.9577811	0.6120857	0.565	0.99766326	0.9975052866666667	0.990065574	0.9750332370000001	0.9857890699999999	0.6592540437611537
base_motif_structure_score	LOC_Os08g05830	LOC_Os08g05830.3	160	1201	1400	CGUAAUCAUUUUUUUUUGUGUGCCUGAUCAUUCUUCUUCAGUUUUGCCCAAGCAGCAGCUGCAGCACAAGCCGGUGCAUCUGUUGUACAGAUCUUUGUGGGACGUGUUCGGGAUUGGGCAAGGACUCACUCUGGCGACCCAGAGAUUGAUGAAGCUUUGAAGAAAGGAGAAGAUGCUGGGCUUGCUUUGGCGAAGAAAGU	0.9976628	2.5738268	0.44401222	0.9630523	0.6200362	0.535	0.9976628	0.9920583866666667	0.9875688520000001	0.977267101	0.9813131275	0.6311169560942691
base_motif_structure_score	LOC_Os12g15120	LOC_Os12g15120.1	48	501	700	CCAGCUCAGCCCAUUGGUGUUCCUGAAGUUAACUGUUUUUGCAUGGAUGUGUCGAACGUGUGGGUUCGAUCCCACUGCCGAGCUGUUCGCCGUUCUUUUUACGGUGACGACGAAGGACGUGAGCACACUGGCCGGUCCGAAGAGGACGGUGUUCGGGUGCGUAAAUUUUAUACUCCACCCUGAGCGCUCAUACGCCUGGC	0.9976597	1.0232463	0.6661334	0.99097615	0.6202318	0.6	0.9976597	0.9958347999999999	0.9907111839999999	0.9787812629999999	0.9958347999999999	0.7169242077942396
base_motif_structure_score	LOC_Os03g18890	LOC_Os03g18890.1	38	401	600	AGGUGAGACCGCCGCUUCUUCCGUCGUCGUCGCGUGGGUUUUUUUUUUCUCUCUUUGGUGCUGGGGGAUACAACAACCUGGCGGCCGCGCUGCCGCUGGACGACGCCAUCGCGCGCCUGCACGGCGUCUUGGGGUGGACGAGGCCCAGCAGCCGCGGCGGCGGCGGUGGGAGGAAGAGGUGGCCGCGCGGGGGAAAGGGG	0.99765897	2.5738268	1.0873083	0.9496613	0.6519612	0.63	0.99765897	0.9958499233333334	0.9891369860000001	0.9546165949999998	0.997486385	0.7333888590568876
base_motif_structure_score	LOC_Os07g34160	LOC_Os07g34160.1	61	2851	3050	AACAAGGUUGGAUACUCGGACGAACCUUUUGUCCUUGCCAAUGAUGUAACGCAAGUCUUUUUCGUGAAGGACAUGUCUAGCAAAGGAAAGAAGGGCAGAGGGCCUGAUGAGCCUAAGCGUCAAGUGGUUCUCCCAAGCAAAAGAAAAAUCGUCGGAGUUGAGGACAAGACUGACGAGGAUUACGAUCAGUUGGAGGGGCA	0.99765426	1.3721563	0.67064613	0.98719853	0.60396284	0.57	0.99765426	0.9886986033333334	0.981740536	0.9666382179999999	0.98586482	0.6999444444806562
base_motif_structure_score	LOC_Os03g06230	LOC_Os03g06230.1	34	951	1150	GGUGGUGAGGAUGGGGUACGAGGACAUGUACCUGUGCAGCCCGGGGGAGAUGUACAGGAAGUUCGGCAAGGACUACUUCCUGUGCACCGGGACGGCGUCCAUGCUGGUGCCGGUGGUCGUCAACCCCGGCGAGGAGUGGAGGGCGGCGCAGGUCAUCGAGCACGACAACCUGUAACUUCUUCUCUAUUUUUUUUUCAUUA	0.99765116	2.5738268	1.2911873	0.94438446	0.6902994	0.655	0.99765116	0.9971565066666667	0.979309408	0.9318130699999999	0.99761493	0.7411870091527517
base_motif_structure_score	LOC_Os04g41110	LOC_Os04g41110.1	106	101	300	GGCUCCGUCCGUAGCGGCGAGGAGGGGGCGGAGGGCCAUUGGCGCGGCGGCCCGCGCGAGGCGCGCUUGCAUUGUUGGUGGCGGCGGCGGGGGGUCGACGGGGUGGAGGGCGUGUUUUUUUGUUGGCUUGGGGUGGAGGCGGGGGAUGUCUUGCUCGAAGGUGCUUCUGUCGAAGAAGGGGGUGCUGGGGACGGUGUGGG	0.99765116	1.6205745	1.0983385	0.9798018	0.6645584	0.645	0.99765116	0.9973249833333333	0.9969583280000001	0.9940022300000001	0.9968226166666666	0.6605778106799426
base_motif_structure_score	LOC_Os05g50770	LOC_Os05g50770.2	42	1901	2100	GCCGGAGCUGGGCGUGGGCGUUAACUAAUUUAGUACGCUGUCGCGUGCGCGCGCGCGUGUACAGACUUGAUAAUUAAUUUCUCUUUUUUUUUCUUUUCGAUCCUUGCACAAUCGAUUCGCUACGAAUGGACGGCAUUGGCGGAUCGGCAGCGACCAGGGGUUUAUCCUUUGAGCGAAUUGCAAUAAGGAUAUUAUAAGCU	0.9976447	2.61376	0.37170857	0.96264225	0.5919134	0.525	0.9976447	0.9957195466666667	0.9914347400000001	0.9692695200000001	0.9957195466666667	0.7263314622648951
base_motif_structure_score	LOC_Os12g12680	LOC_Os12g12680.1	28	201	400	CAUAGCUAUUCGUGUCAUCAAGGAGGAGUCUUUAUCGGAUGGCGACGAAGAAUUUAUUUCUUUGGCGGUUGAUAUAGUGCACGAUGAGUUCGACGAUGAUGAAGUUCCAAAGCGUGGUGGAUCUGUUAUAGGUCAUGCAGUAAUUAAUCGGGAAAGAUUGGCUGGACAUCGGAGAUUAUAUAAUGAUUAUUUUUCUGAAG	0.9976406	1.424704	0.41210935	0.9880647	0.62086594	0.53	0.9976406	0.9962534333333334	0.99008082	0.956737912	0.9968764999999999	0.7547415502436214
base_motif_structure_score	LOC_Os01g59340	LOC_Os01g59340.2	152	601	800	AAGAGAAUCGAACGAACGUGACAACUGGUUUAGUGGUUUUUUUUUUCUCUGCUUCUUCUCUUCUCUCCGCUCUUCUGCGUCUCUGAGGAUCCGAGGAAGUGGCGGUCGGAGGAGGAGGAGCCAUGGCGAUGCCCUGCCGCCUCCACGGCGACAUCCUGCUGCUCCUGCUCGGCGCCGUCGCCGUCGCGGUGGCUCACCCG	0.99763894	2.5738268	1.1474099	0.94778454	0.6668341	0.62	0.99763894	0.9974354133333333	0.997318488	0.9966878190000001	0.99690617375	0.6347695478653673
base_motif_structure_score	LOC_Os05g08200	LOC_Os05g08200.1	26	301	500	GACGGCGGAGAGAGAGAGCGACGUCGCGAGCUCGAAUCCGGCGAGGAGGAAGGGCGGCGAGAGGCGGAAACGGACGGAGGAGAUUAUGUUAAGAGAUUUAGGGAUGUUAGAAACCGAUGUUAUAGCUUGAAUAUAACUGAUAGGGAUUUAGCUGAUCUUGCUUUUAAUGGUUUAAUUGCAACUAUUAAAGAAAGAUUAGA	0.99763715	-0.0077998913	-0.88971674	0.99849606	0.50909436	0.415	0.99763715	0.9932818499999999	0.9876602499999999	0.9669324629999998	0.996792825	0.7598927748918265
base_motif_structure_score	LOC_Os02g06410	LOC_Os02g06410.1	27	1151	1350	GAGAGCACGCUGGGGGAGGCGAUCGAGAAGGCGGUGGCGCACCACGUGCACCGGCUGUGGGUGGUCGACGAGGAGGGGUUGCUCGCCGGGGUGGUGUCGCUGACCGACGUGCUCCGCGUCGUCAGGGAGGCCGCCAUCGGCGAGGACCGGGAGCUCCACGACAUCCUAAGCUAGACAACUUUUUUUUUUUUUUGUCGUAA	0.9976369	2.61376	1.2278538	0.9436254	0.6449789	0.64	0.9976369	0.9940363199999999	0.975475014	0.9275999599999999	0.99662908	0.7572691538971199
base_motif_structure_score	LOC_Os10g35710	LOC_Os10g35710.5	224	351	550	GGGGGAUUAUUAUUUUUUUGGUGGGAAAUUUGAGUAGGGAUCUGUAAUAGCGGAAAAAGGAGGAGCUUCGGUGGUGAAUUGAGGGGGUUUCUCCAUGGUGGGGAAGGAAUUGGUGGUGAGAAAGAACGGCCCCGUGGACAUCCGCGAGAUUGCCGCCAAGGCGACGCUGAGGGAGGUCCGGCAGAAUGGGCACACCUACG	0.99763286	1.6271491	-0.21469913	0.9892699	0.5507726	0.475	0.99763286	0.99763286	0.9976328599999998	0.9925724300000001	0.99165425	0.6069438004391481
base_motif_structure_score	LOC_Os02g52870	LOC_Os02g52870.1	26	1051	1250	CCGACGACGGGUGGGAGUACGGACGGCGAGGAAGGCCAGAGGCGGGCGACGCCGGCGCAUUCUACGCUUGGUGGCGCUCUCUGUUUCUUUUCUAAAUUUGAAGAUCAUCGCCAAAUAGCAAUCAAAGAGAAAUACCUGUUUGAUCAGGUAGAAUGUGUAACGACCAUGGAAAUUUCCGAAAGUUGGUGACAAUGAUGGAU	0.99763	1.1749104	-0.006412834	0.99239117	0.56429255	0.505	0.99763	0.9943026666666667	0.9752571400000001	0.88684508	0.9958754000000001	0.7598856248918266
base_motif_structure_score	LOC_Os05g10770	LOC_Os05g10770.1	85	3801	4000	AGGGGUCUCAUCCAAAGGGCUAACCGGGAUGAAUUGCAAGUCCUGCGGAGUUUGAUGACGAACAGCAACAAUUUGGAUGAUAGCUCCAGGCAACAGGCCGCGCACAUUAUCGAAGAGGAGAUUGCGAAGCAAUUGUGCUGAGAAGGGUAAAUACCGGCUGGCUGUUGUACUUUAGAUGGCAUGAAUAUUUUUUUUUCCGA	0.9976284	2.5738268	0.089557484	0.9684211	0.5754108	0.51	0.9976284	0.9909957166666666	0.9767935699999999	0.9413208860000001	0.9767935699999999	0.6763151622648951
base_motif_structure_score	LOC_Os05g28090	LOC_Os05g28090.3	61	451	650	UUCAGAGAUCGGGUGUACAGGUUUGUGAUGGUUUUUUUUCCUUUGUUUCUGCAGCCGAUUAUCAUGAACUGGAUGAGGCUGAGGUGGUUCAAGCGCAAGUUCGUCGAGACGUACCUGCAGUUCAUGUUCACCUACCUCUUCUUCCCCGGGAUGAUGUUGUGGGCACCAUUCGUCAACUUCAGGAAGUUCCCAAGGGAUCC	0.9976254	2.4153688	0.7669798	0.9623733	0.63026446	0.59	0.9976254	0.9969018133333334	0.988013808	0.9652020010000001	0.9965710600000001	0.6999155844806562
base_motif_structure_score	LOC_Os07g20720	LOC_Os07g20720.1	186	9201	9400	AUCGCUACGAUUUCGGAACUUCCAUGAGGAGCGCUAUGAAGAGGACCGAGUAGAUGAUAUCAACCGACUGGAAGAAGCCCGUGAAGCAGUUUUAAUUCAGUCGGCUCGGUAUUUGCAAGGAUUGCACCGUUAUCACAAUCGCAAUGUCCGCUCACGAGCUUUUUUAGUCGGCGACCUGGUUCUGAGAAAUAUUCAGACUA	0.997621	1.4008907	0.33553162	0.98868257	0.6108879	0.52	0.997621	0.9953768133333334	0.9920667680000002	0.9833924599999999	0.9833924599999999	0.6202762770056182
base_motif_structure_score	LOC_Os01g34590	LOC_Os01g34590.1	14	451	650	UCCCAUCCCUCCUAGAUCCGGCCGGAGGGAGGCCGGGGGAGAGCGGCAGCGGUGGUAGUUCCCCUCCCUCCCAGAUCUGGUCGGAGGGAGGGGGAGGGCGGCGGUGGCGGCGGAUGUGGGUAGAGGCGCGGGUGGGGUGCGGCGAAUUUUUUUUGUUCGUCAAGAUGAUUUUCACAGGCGGGUGACUGGGUCGCAGGCGA	0.9976036	2.1408505	0.8090951	0.9702861	0.63815576	0.59	0.9976036	0.9940967466666667	0.98119102	0.914012913	0.9976036	0.8022590702195741
base_motif_structure_score	LOC_Os01g62070	LOC_Os01g62070.3	86	901	1100	UGUGGACAUCAUGCUUGCAGUGACAUUAGUGAAACUUGCCCUUGUUUUAUAUUGCCGGACAUUCACAAAUGAAAUAGUGAAGGCUUAUGCACAGGAUCAUUUUUUUGAUGUCAUCACAAAUAUGAUUGGUCUUGUUGCUGCACUACUAGCGACUUAUAUCGAAGGUUGGAUCGACCCAGUUGGUGCAAUCAUCGUAAGUA	0.99760276	1.6271491	1.2295675	0.97788435	0.6605951	0.64	0.99760276	0.9967649866666667	0.9945868920000001	0.9886450800000001	0.9945868920000001	0.6754555852075637
base_motif_structure_score	LOC_Os11g07890	LOC_Os11g07890.1	142	3751	3950	AUGACAACUGUUGACCUUAACAAGGUUGGAUACUCGGACGAACCUUUUGUCCUUGCCAAUGAUGUAACGCAAGUCUUUUUCGUGAAGGACAUGUCUAGCAAAGGAAAGAAGGGCAGAGGGCCUGAUGAGCCUAAGCGUCAAGUGGUUCUCCCAGGCAAAAGAAAAAUCGUCGGAGUUGAGGACAAGACUGACGAGGAUUA	0.9976025	1.3721563	-0.3660555	0.9921691	0.55187345	0.455	0.9976025	0.99382976	0.9879458160000001	0.9745613949999999	0.9791506812499999	0.6396089331610805
base_motif_structure_score	LOC_Os11g43450	LOC_Os11g43450.1	40	1801	2000	AUGACAACUGUUGACCUUAACAAGGUUGGAUACUCGGACGAACCUUUUGUCCUUGCCAAUGAUGUAACGCAAGUCUUUUUCGUGAAGGACAUGUCUAGCAAAGGAAAGAAGGGCAGAGGGCCUGAUGAGCCUAAGCGUCAAGUGGUUCUCCCAGGCAAAAGAAAAAUCGUCGGAGUUGAGGACAAGACUGACGAGGAUUA	0.9976025	1.3721563	-0.3660555	0.9921691	0.55187345	0.455	0.9976025	0.99382976	0.98431727	0.9686475339999999	0.997140725	0.7297248997690957
base_motif_structure_score	LOC_Os05g27560	LOC_Os05g27560.1	120	2951	3150	ACGAACCUUUUGUCCUUGCCAAUGAUGUAACGCAAGUCUUUUUCGUGAAGGACAUGUCUAGCAAAGGAAAAAAGGGCAGAGGGCCUGAUGAGCCUAAGCGUCAAGUGGUUCUCCCAGGCAAAAGAAAAAUCGUCGGAGUUGAGGACAAGACUGACGAGGAUUACGAUCAGUUGGAUGGGCAACCCCCUUUCACGGUGACG	0.9976	1.3721563	0.49899188	0.98797	0.57888335	0.56	0.9976	0.9930439166666667	0.9851854900000001	0.9687011530000001	0.9810452650000001	0.6516568381362703
base_motif_structure_score	LOC_Os02g45390	LOC_Os02g45390.1	23	201	400	GUUUUUUUUUUUUCCUUUUUUCCUGUUGGUGUUGCGCGGUGGGCGAGAGGUGUUGGGGGGAAGAUGCUGGGGUCGGGGCUGAAUCUGGUGACCACGGUGAUCGGCUUCGGGAUGAGUGCCACCUUCAUCGUCUUCGUCUGCGCGCGCCUCAUCUGCGGCCGCGCCGCGCGGGCCGACGCCGAGGCCGACGCCGCCGAGGG	0.9975942	2.61376	0.7598194	0.9540779	0.6430275	0.545	0.9975942	0.9964145866666666	0.992892472	0.9804472690000001	0.99696953	0.7683460749639421
base_motif_structure_score	LOC_Os02g36414	LOC_Os02g36414.1	44	151	350	ACUCGCGUUGAGCUGUGCGGGCUAUUUUUUUUUUCUCUCUGAUUUGCUGAAUUGCUGCUGCGGGCGGUGGAGAUGGCCAGAGGGGGAGCGAUGGUCGCGGCGGCGGAUGCCGGCGCCGGCGCCGGCGUGGCGCCCGGGUACAGCAGCGAGAUCACGUUCACCGUGGUGAUGAGCUGCCUCAUGGCGGCCUCCGGCGGGCU	0.9975897	2.5738268	1.2370455	0.9444469	0.67868495	0.635	0.9975897	0.9941527333333333	0.9851445	0.965559584	0.9941527333333333	0.7229970451835163
base_motif_structure_score	LOC_Os07g40290	LOC_Os07g40290.1	44	101	300	AGCUCAAGCUAAGCUAGCAAGAGCAUUCCUUGGGCUUUUUUUCUUGUUCGGGGUUGAGAGGCAAUGGCGGUGAUGACUGAUGUGUCGACCACCGGGACGGCACUCCGGACCCCGGCGGCGGGGGCGGUGAAGGAGGGCGACGUCGAGAAGCUCCGGUUCAUCGACGAGAUGACCACCAACGUCGACGCCGUGCAGGAGCG	0.9975897	2.4553025	1.0306199	0.9549958	0.6283181	0.605	0.9975897	0.9813633133333334	0.962102968	0.927578238	0.9813633133333334	0.7229970451835163
base_motif_structure_score	LOC_Os01g73670	LOC_Os01g73670.1	211	2051	2250	GAGCUGAUUGCAAAGGCAGUUGAAAGUCGGAUGAACAAAGCAAAAUUCUACGAGCAGUAUAUCGAAAAGAAGAUAGAUAUUGCCCAAGCUAUUGGAUUGAUUUCCACGGAUGGGACUGAAGCAACAUGAUGUGCUUAACUUAUAGUGUUUUUUUUUGGGAGGGCUUAGCUUACCUUUCUUUUUAUAUCAGUAUCAGUAGA	0.99758863	2.5738268	0.035084587	0.9687441	0.5746738	0.505	0.99758863	0.9973338233333333	0.997042134	0.9961772200000001	0.9960439181818181	0.61119260727184
base_motif_structure_score	LOC_Os03g60850	LOC_Os03g60850.1	41	101	300	GGGUUCUUUUUUUUUCUUUUUUUGCCGGGUUUUUUUGGAGAGGUUUUGUGAGCAUGGAGGGUUUAAGGGGCGGCGGCCAUGGCGAGGCGGCGGUGGACGGCGGCGACGAGAGGUGGGUGGAGGACUCGUCGGUGGAUUACCAAGGGCGGCCUCCUCUCCGCGCCGCCACCGGAUCAUGGAAGGCCGCAAUGUUCAUCAUC	0.99757737	2.653693	0.285155	0.96173507	0.60879195	0.515	0.99757737	0.9882813066666666	0.9743450719999999	0.9571947419999999	0.9882813066666666	0.727961498861062
base_motif_structure_score	LOC_Os12g28750	LOC_Os12g28750.1	18	801	1000	UCUCCUUCGAGUACACCAACUCCUUCCCCUACAAGCUCUCCGUCUCCGUCGCAACCUGCGUCGUCGACCCCGCCGCCCCAUAGCCGCCGUCAAUCGCCGCAAGGAAAAAGUAGACAAAACAAAAGAAACGAAAGAGAAACAGUAGUACUAGUGACAUCUCUUGCCUUACUAGUUUUUUUGUUCUUUUCUUUUUUUUUGAC	0.99757725	2.61376	-0.37335566	0.9732301	0.5374537	0.465	0.99757725	0.9793447266666666	0.95796715	0.912913742	0.99757725	0.7851808743278207
base_motif_structure_score	LOC_Os06g42280	LOC_Os06g42280.1	70	3301	3500	CUUAACAAGGUUGGAUACUCGGACGAACCUUUUGUCCUUGCCAAUGAUGUAACGCAAGUCUUUUUCGUGAAGGACAUGUCUAGCAAAGGAAAGAAGGGCAGAGGGCCUGAUGAGCCUAAGCGUCAAGCGGUUCUCCCAGGCAAAAGAAAAAUCGUCGGAGUUGAGGACAAGACUGACGAGGAUUACGAUCAGUUGGAUGG	0.9975714	1.3721563	0.4718583	0.9879901	0.5651615	0.56	0.9975714	0.9945196666666667	0.99165928	0.9781207500000001	0.993304025	0.6900840440247659
base_motif_structure_score	LOC_Os06g15200	LOC_Os06g15200.1	29	1151	1350	CUCUGGUCCGGUGCCAAUUGGUUAGGUUGACUGGUGGAGGCGUAAUGAUGGAUGAUAGUGGUAUGACAACUGUUGACCUUAACAAGGUUGGAUACUCGGGCGAACCUUUUGUCCUUGCCAAUGAUGUAACGCAAGUCUUUUUCGUGAAGGACAUGUCUAGCAAAGGAAAGAAGGGCAGAGGGCCUGACGAGCCUAAGCGU	0.9975662	1.3721563	0.76452637	0.9860945	0.6432909	0.585	0.9975662	0.9967912999999999	0.9900456139999999	0.954868847	0.99718325	0.752221670219574
base_motif_structure_score	LOC_Os10g08350	LOC_Os10g08350.1	45	2051	2250	ACUCGGACGAACCUUUUGUCCUUGCCAAUGAUGUAACGCAAGUUUUUUACGUCAAGGACAUGUCUAGCAAAGGAAGAAAGGGCAAAGGGCCUGACGAGCCGAAGCGCCACGUGGUUCUCCCAGGAAAAAGAAAAAUCAUCGGAGUAGAGUACAAGACUGACGAGGAUUACGAUCAGUUUGAUGGGCAACCCCCUUUCACG	0.99756575	1.04635	-0.27028298	0.99396706	0.5670492	0.455	0.99756575	0.9948241066666667	0.989125606	0.973774	0.9948241066666667	0.7213876521971494
base_motif_structure_score	LOC_Os09g28600	LOC_Os09g28600.1	21	851	1050	UCCGAGUAGGAGCAGCAGCUGAACUUUGUCGAAGCUAUUAGCCAAGACGAACCUUUUUAACCGUCCAUUCUAGCAAGCGGCAACGCUGCGGCGGGCAUGCGACGAUGAAUGCGAGAUUUUCACUCAGGUAUAGUUAACCUCGUUGUGUGGAGAGAUCGAUAUGAUGAUGUGAGAGUGUGCUUCUUGUAAUCUUGUUGGUU	0.9975656	1.2257199	0.41041422	0.98989606	0.6025405	0.53	0.9975656	0.9871133900000001	0.9832942820000001	0.9665317960000002	0.9902893500000001	0.7745940190681352
base_motif_structure_score	LOC_Os09g04970	LOC_Os09g04970.1	54	751	950	CAUGCUAGUUUAGAUGAUAGUGCAAUAUCAUGUAUAGCCGAACCAAGCGGUGGUUCGGAUUGUCUUAAUAAUUUGUGCAGUGAUGCCAUAACGAUUAUAGCCGAACCAAAUGUUGGUUCGGAUUGUCUUGCUAGCUUGGAUAAUGAUGCAACAACCAUUAUAGCCGAACCAAGUGUUGGUCUGGAUUGUGUUAUUAAUUU	0.9975643	-0.18296032	1.1382934	0.9964204	0.6715535	0.625	0.9975643	0.9925772866666667	0.971493698	0.913894498	0.9925772866666667	0.708496314323767
base_motif_structure_score	LOC_Os09g17600	LOC_Os09g17600.3	125	251	450	UUGUUCUCUCUCUUGCGGCAAGAAAAGGGGACAAGCUCUGAAUCUUUUUUUUCUUGCAAAAAUUCUGUGUCUUUGGAGCAGCAGAGAGCGAAGGGCGGUGCGGAAUUGGAGAGGGAGAGGGAUGGGGAGGAGGACAUGGCAGUGGCACGCCAUUGCGGCGCUCGGCGUCGCGUGCGCGGCCGCCGCCGCCGUGGCCGCCG	0.9975643	2.61376	1.6841218	0.9281935	0.7091711	0.71	0.9975643	0.98611218	0.9834096600000001	0.976761812	0.9807885799999999	0.6487003038250041
base_motif_structure_score	LOC_Os01g37630	LOC_Os01g37630.1	23	751	950	CGGCUGCCCCGUAGAGGAGGUGAGGGAGAUCGCCGGCGCCGACCACAUGGCCAUGUUCUCCGCGCCGGUGGAGCUCGCCGGGCACCUCGCCGACGUCGCCAACACCUACACUUGAUUUUGAUUGUACUAGCUGACAACACGUCGCCAGCAUAACAUACCAAGGCCGUGUUUAGUUAGAUACCCAAUUUUUUUUUGACGUA	0.9975591	2.5738268	0.62006736	0.9580759	0.5971388	0.57	0.9975591	0.9656630866666666	0.94463834	0.8948671039999999	0.97845228	0.7683109749639422
base_motif_structure_score	LOC_Os02g20050	LOC_Os02g20050.1	63	2901	3100	GUUCCGGUGCCAAUGGGUUAGGUUGACUGGUGGAGGCGCAAUGAUUGAUGACAGUGGGAUGACAACUGUUGACCUUAACAAGGUUGGAUACUCGGACGAACCUUUUGUCCUUGCCAAUGAUGUAACGCAAGUCUUUUUCGUGAAGGACAUGUCUAGCAAAGGAAAGAAGGGCAGAGGGCCUGAUGAGCCUAAGCGUCAAG	0.99755764	1.3721563	0.8811264	0.9852207	0.6220322	0.585	0.99755764	0.9964437866666667	0.9896911580000001	0.9704908590000001	0.994607965	0.69755764
base_motif_structure_score	LOC_Os12g16460	LOC_Os12g16460.1	29	1351	1550	CUGAUCGCCGAGAAGCCACGGAUCGCCUUCGGGAAGCCGAGGAGGCUGCCCAGGAGGCCGUCCGGGCUCGCCGGGCUGAGGAGGCCGCUCGGGAGGAGGCCAGACUCCGCCGGGCCGAGGAGUCCGCCCGGGAGGCGGAAGCGGCGCGACAGUUUUUUUUUUUUCCGAGGCCUUCGGGCCCCCUUCUUGUAUAGACUAAC	0.9975567	2.5738268	1.3060621	0.94186634	0.667739	0.655	0.9975567	0.9631308466666667	0.9334989680000001	0.8956178619999999	0.99751977	0.752212170219574
base_motif_structure_score	LOC_Os12g11570	LOC_Os12g11570.1	57	2651	2850	UUGACCUUAACAAGGUUGGAUACUCGGACGAACCUUUUGUCCUUGCCAAUGAUGUAACGCAAGUCUUUUUCGUGAAGGACAUGUCUAGCAAAGGAAAGAAGGGCAGAGGGCCUGAUGAGCCUAAGCGUCAAGUGGUUCUUCCAGGCAAAAGAAAAAUCGUCGGAGUUGAGGACAAGACUGACGAGGAUUACGAUCAGUUG	0.99755234	1.3721563	0.58409756	0.98720646	0.5989487	0.555	0.99755234	0.9928558000000001	0.9899265400000001	0.976480313	0.9928558000000001	0.7046532902436214
base_motif_structure_score	LOC_Os08g43400	LOC_Os08g43400.3	265	1	200	UGGUCCGUCGUCGGAAUACCUCCAACCCCGCAGUCGGCGGCGACGACCAGACCACGCAUUUCUUUUCUUUUUUUCUUUUUUCUCGAGGAGGAGCAGGAGCGGCUUUGCUGUUGCAUGGUGUAGUGUAGCCAAGCCACCUGGGCGGGCCUCGCCGGAUCGCCGUCCACGUCCCGGCGACCGGUGACCGGCCGCUUUCGGCC	0.9975496	2.653693	0.71872264	0.95239353	0.64884233	0.565	0.9975496	0.9865307033333334	0.9792559040000001	0.971020799	0.9665909042857143	0.5947854782249405
base_motif_structure_score	LOC_Os08g28770	LOC_Os08g28770.1	51	551	750	UGUGCAAUGAUGCCAUAACAAUUAUAGCCGAACCAAAUGUUGGUUCGGAUUGUCUUGCUAGCUUGGAUAAUGAUGCAACAACCAUUAUGGCCGAACCAAGCAACGGUUCGGAGUGUGUUACUAGUUUAGACAAUGAUGGAAUAGCCGAACCAAGUGAUGAUUUGGAUUGUGUUGCUAGCUUAGAGAAUAAUGCCAUUGAA	0.99754864	-0.2841308	0.26046842	0.9978975	0.6024938	0.515	0.99754864	0.9918063466666666	0.98722838	0.9699165529999998	0.9918063466666666	0.7125266540929454
base_motif_structure_score	LOC_Os06g16570	LOC_Os06g16570.1	62	3001	3200	GGAUACUCGGACGAACCUUUUGUCCUUGCCAAUGAUGUAACGCAAGUCUUUUUCGUGAAGGACAUGUCUAGCAAAGGAAAGAAGGGCAGAGGGCCUGAUGAGCCUAAGCGUCAAGUGGUUCUCGCAGGCAAAAGAAAAAUCGUCGGAGUUGAGGACAAGACUGACGAGGAUUACGAUCAGUUCGAUGGGCAACCCCUUUC	0.99754274	1.3721563	-0.14252375	0.9910342	0.56956935	0.49	0.99754274	0.9960772266666668	0.9881820360000001	0.9665335220000001	0.9952328450000001	0.6986787438250042
base_motif_structure_score	LOC_Os02g47230	LOC_Os02g47230.1	83	1751	1950	GGAGCAGAACCGGGACCGGAUACACGCGCAGUAUCUGUGAGCUAACGCGAGACCCAUCGUUGAUGAGAGUGAAGUGAUACUGUGACAGAAGCUAACGCGUCGCCGGGAAGAAUAGUUAAGAGUGUGAUGAUACUACUACUUUGCCGCUGCUACGGUUAGUGCUACUAGGUUUUUUUUACAGGGUGAAUAUAGGAUGAGGG	0.99753904	2.1087842	-0.14003158	0.9814029	0.58840644	0.455	0.99753904	0.99183911	0.9876941460000002	0.9781550539999999	0.9876941460000002	0.677923168861062
base_motif_structure_score	LOC_Os06g11880	LOC_Os06g11880.1	61	2851	3050	AACAAGGUUGGAUACUCGGACGAACCUUUUGUCCUUGCCAAUGAUGUAAUGCAAGUCUUUUUCGUGAAGGACAUGUCUAGCAAAGGAAAGAAGGGCAGAGGGCCUGAUGAGCCUAAGCGUCAAGUGGUUCUCCCAGGCAAAAGAAAAAUCGUCGGAGUUGAGGACAAGACUGACGAGGAUUACGAUCAGUUGGAUGGGCA	0.9975331	1.3721563	0.53943783	0.9873882	0.5870944	0.57	0.9975331	0.98933443	0.984293512	0.9736923840000001	0.9863971075	0.6998232844806562
base_motif_structure_score	LOC_Os01g25484	LOC_Os01g25484.3	136	1001	1200	GAACCAUUUUUUUCUCCAUUCAUCCACGCCAUUGACUGAAUUACGUAUGUCCCAAUGUUCUUAUCAGUUAAUUGCGGUGUUGGCAUUGCAGGGAAUGGAGGCUUUUCGGUCGGAGGUGGAGAAGAGGAUGCCGAACGGCGUGCUGGAGCGCGCGGCGCCGGAGGACCUCAUCGACAAGAAAUGGCAGAGGAGGGACUACC	0.99753284	2.1541324	0.90589756	0.967553	0.63917387	0.595	0.99753284	0.9957041233333334	0.9947431740000001	0.9904479260000001	0.9932489342857143	0.6426312358519737
base_motif_structure_score	LOC_Os01g71000	LOC_Os01g71000.1	49	301	500	UUGGAUUUUUUUUUUUUGGGGGGAAGGUUCUGCUUGGAUGAGCUGCUUCCUGUGCUUCGGAUCGGCCCAGGAGGGGGAGGCCAAGAAGCCCGGGGCUGACUCCAAGGACGCGCGCAAGGACGGCUCCGCGGAUCGCGGGGUGUCCAGGGUCGGAUCAGAUAAAUCGAGAUCACAUGGUGGAUUAGACUCUAAGAAGGACG	0.9975314	2.5738268	0.3437844	0.9628861	0.6149357	0.52	0.9975314	0.9955364900000001	0.99044837	0.9703941369999999	0.9955364900000001	0.7153385905112637
base_motif_structure_score	LOC_Os03g51280	LOC_Os03g51280.1	53	2501	2700	ACGAACCUUUUGUCCUUGCCAAUGAUGUAAUGCAAGUCUUUUUCGUGAAGGACAUGUCUAGCAAAGGAAAGAAGGGCAGAGGGCCUGAUGAGCCUAAGCGUCAAGUGGUUCUCCCAGGCAAAAGAAAAAUCAUCGGAGUUGAGGACAAGACUGACGAGGAUUACGAUCAGUUGGAUGGGCAACCCCCUUUCACGGUGACG	0.9975311	1.3721563	0.31302688	0.98871404	0.57404554	0.53	0.9975311	0.9878319133333333	0.982407568	0.959961146	0.9878319133333333	0.7097867248918266
base_motif_structure_score	LOC_Os11g29660	LOC_Os11g29660.1	61	2851	3050	AACAAGGUUGGAUACUCGGACGAAUCUUUUGUCCUUGCCAAUGAUGUAACGCAAGUCUUUUUCGUGAAGGACAUGUCUAACAAAGGAAAGAAGGGCAGGGGGCCUGAUGAGCCUAAGCGUCAAGUGGUUCUCCCAGGCAAAAGAAAAAUCGUCGGAGUUGAGGACAAGACUGACGAGGAUUACGAUCAGUUGGAUGGGCA	0.99753016	1.3721563	0.2930035	0.9888207	0.556705	0.54	0.99753016	0.98937383	0.983667938	0.969254973	0.9870951725	0.6998203444806563
base_motif_structure_score	LOC_Os12g29860	LOC_Os12g29860.1	63	1151	1350	UUCGUAUCGAUGCCAUGGGAUACGAAGGAACAACUGGCACGUUGACUGGUGGAGGCGUAACGAUUGAUGACAAUGGGAUGACAACGGUUGACCUUAACAAGGUUGGAUACUCGGACGAACCUUUUGUCCUUGCCAAUGAUGUAACGCAAGUCUUUUACGUGAAGGACAUGUCUAGCAAAGGAAAGAAGGGCAAAGGGCCU	0.9975298	0.51754737	-0.015765093	0.99589455	0.57460195	0.49	0.9975298	0.9960654166666667	0.9888481800000001	0.9664144410000001	0.9917616625000001	0.6975298
base_motif_structure_score	LOC_Os06g17285	LOC_Os06g17285.2	69	151	350	UGAAGAAUCUUGAUUUUUUUUUUCAGUGCAUAGGAGGAAGAAGAGGAGAAGCUGGGACGUUGCUCCUCACGCGGGUGAUCUCGCACCGGCAUGGUCUUUGCCUCGCCGGGAGGAAGAAGGCGUCGUCGCGGCGGGGAUGGUCGAUAGGGCGGCGGACGUGGUCAUCGGGGUCACCGCCGGCGUCGCCGCGGCGGUGGCCG	0.99752873	2.5738268	0.70968	0.95571774	0.6354959	0.54	0.99752873	0.9971641099999999	0.996606406	0.984527158	0.9968956075	0.6910645791527517
base_motif_structure_score	LOC_Os02g49610	LOC_Os02g49610.2	50	51	250	UCGGCGGCGGCGCGGCGAUGGGGAGCAACACGGAGGUGGAGAAGAAGAAGGCCCCAACGGCGCUCGCGCCCAUCGCGAAGCCUCUCGCCGGCAAGAAGCUCUGCAAGCGAACCCUCAAGCUCGUCCGGCGAGGUUCCUGAGAGACUUUUUUUUUUUAAUUUCGGGCCGCCAAAUUCCAAUCUCUGUUGUUUUCUUUUGCA	0.9975285	2.61376	0.64497256	0.9553914	0.62273085	0.555	0.9975285	0.9941704166666666	0.99211106	0.958867515	0.9941704166666666	0.7139072329014253
base_motif_structure_score	LOC_Os05g25194	LOC_Os05g25194.1	129	351	550	UUUUUGUUGGAUCGAUCUUGUCUCCGACGAUGUAAAUUUAUACUUUCGUUCUUCUGAAGUUGGCAAUGUGGAAGAACUAUAUGGAGACCUGAACUGGGGGUUCCCAUCGAUCAAAUCUUAUCAUUUUUUUUGGUUUUUUUAGUUGAGAUUUGGUCAGGGGCAAAACGGUCCGAGAAAAAGUUAUUUUUAUGGAAAAUGUA	0.9975273	2.5738268	0.31775245	0.96328795	0.60313284	0.535	0.9975273	0.9938934666666667	0.990966294	0.986202567	0.9885625100000001	0.6464089093485772
base_motif_structure_score	LOC_Os10g36980	LOC_Os10g36980.1	35	1501	1700	ACCUGGAGUAUUUCGUGGCGAAUUUGGUGAAGGAGUUCGAGUGGAAGGAGGUGGCCGGCGACGAGGUGGACUUGACCGAGAAGAAUGAGUUCACCACUGUGAUGGCAAAGCCGCUCCGUGCUCAGCUUGUUAAACGGGCUUAGUUUUUUUUUUUUGAGUGUCUGUAAGACGGAACUGGAUCCUCUGACGUGAACUGCUCC	0.99752504	2.5738268	0.58555114	0.95821214	0.62239015	0.57	0.99752504	0.99477297	0.980955214	0.936459424	0.99659124	0.7390287899278843
base_motif_structure_score	LOC_Os09g35030	LOC_Os09g35030.1	21	951	1150	UAGUACUGUAGAUUUUUUUUUAGCAUCUGCGAGCCGUCCUCGUGUAGAAACAGUUUCUUGACAGUAUUGUUUCUGCACGAGAACUACAGUGACGAGAGAUUGGAUGGUACAGUACUUAGGUUACAGUGUUAACGACAGUGAAAAAAAACCUGGUUUUGUCAAUGAUGUUCGUACUGGGUAACCUAUGCAUUCGAGUGCAA	0.99752444	2.5738268	1.085748	0.94695604	0.68391573	0.605	0.99752444	0.9930221466666667	0.9893283079999999	0.9617857329999999	0.99440382	0.7745528590681351
base_motif_structure_score	LOC_Os03g03280	LOC_Os03g03280.1	65	2951	3150	GGUGCCGUCGUCCACGAGCUUCCUCAUGGAUGACAGCGUGACCGACUCGGGGAUCGCCAACAGCAAGGCCUUCUCGCAGCUCAGCAGCGGCGAUGGCCGUUGAUCAAUCAGCUGGUCAGUGAACCGACAGUCGGUCAGACUCAGAUAGAGAAGUUUGUAACCAUAAUUUUUCCUCUCUUUUUUUUUAUGCUGAUCUAUUC	0.9975189	2.61376	0.28115836	0.96239245	0.6074317	0.52	0.9975189	0.9955557133333333	0.983576592	0.958255284	0.9929725475	0.6952991940320773
base_motif_structure_score	LOC_Os12g03094	LOC_Os12g03094.1	32	101	300	CCGCUGUCCUCGUACGGUUGGCGGGAAGGUGGCGCGCUUUGUUCGGGGAAAGAGGCGGGUUUGGUAUCCGUGGCGCUCGCCGGCGGUGAGCGAUGACGACUGCCCGCGGUCGGAGCGCGUGCGAUGAUGGCCGCGCGGGUUCACCAAAACAACAAACAGAUCACAAUGUUUUGCGUUUUUUCUGCCAUUGUUUUAUUGAU	0.99751747	1.6890901	0.74736714	0.9807953	0.64012426	0.595	0.99751747	0.9964291733333334	0.9893139639999999	0.969318831	0.9969647349999999	0.7452977640320773
base_motif_structure_score	LOC_Os10g39470	LOC_Os10g39470.1	155	2451	2650	GAGCCGGAUAUGGGGGCGCUGAUGGAUAGGAGGAGGCGGAGGCGGCGAGGGGAUUCGAAGCGGCGGCGGGGUGUAUUUCGAAAUAUUAUUUUUUUAAGGUUUAAUUUGUAAAUAUGUAUUUUAAGAAGGUUCCCGUUAUCUCUCCCUUUCCCCCUUUUUUUCGCUGUCUAGGGUUUGCGGCGGCGGCGCCCGCUCACCUC	0.9975172	2.61376	0.5237652	0.9577205	0.64326507	0.535	0.9975172	0.9958844666666667	0.99446812	0.991923474	0.9935675925	0.6332470890568875
base_motif_structure_score	LOC_Os08g05480	LOC_Os08g05480.1	20	1	200	AGGCCACGAACUCCAUAGAUUUUUUUUUUGUUUCUCUUUGCUUCGAUCGCUUCGUUCUCCAUGGCGAGCGGCGGCGGCGGCGGCGGCGAGGCGGUGGAGGAGGGUACGACGACGCGGGUGGGCGACCUGCCGGAGGCGUGCCUGGCGGACGUGAUCGCGCUCACCUCGCCGCGGGACGCCUGCAGGCUGGCCGCCGUGUC	0.9975151	2.5738268	0.916545	0.95087004	0.6475705	0.595	0.9975151	0.9601924333333334	0.94437416	0.9102533939999999	0.9975151	0.777899228861062
base_motif_structure_score	LOC_Os04g07990	LOC_Os04g07990.1	47	2101	2300	GGGAUGACAACGGUUAACCUUAACAAGGUUGGAUACUCGGACGAACCUUUUGUUCUUGCCAAUGAUGUAACGCAAGUUUUUUACGUGAAGGACAUGUCUAGCAAAGGAAAGAAGGGCAAAGGGCCUGACGAGCCGAAGCGCCACGUGGUUCUCCCAGGCAAAAGAAAAAUUGUCGGAGUAGAGGACAAGACUGACGAGGA	0.9975091	1.04635	-0.18193397	0.9935503	0.5623656	0.485	0.9975091	0.9968488466666668	0.9893436020000002	0.9547195820000001	0.9968488466666668	0.7182609749639421
base_motif_structure_score	LOC_Os04g26430	LOC_Os04g26430.1	59	2751	2950	CCUUAACAAGGUUGGAUACUCGGACGAACCUUUUGUCCUUGCCAAUGAUGUAACGCAAGUCUUUUUCGUGAAGGACAUGUCUAGCAAAGGAAAGAAGGGCAGAGGGCCUGAUGAGCCUAAGCGUCAAGUGGUUCUCCCAGGCAAAAGAAAAAUCGUCGGAGUUGAGGACAAGACUGACGAGGAUUACGAUCAGUUGGAUG	0.9975026	1.3721563	0.38539362	0.9881693	0.5738847	0.535	0.9975026	0.9901820666666667	0.98351647	0.9653732250000001	0.9901820666666667	0.702158070219574
base_motif_structure_score	LOC_Os04g29890	LOC_Os04g29890.1	62	2901	3100	CCUUAACAAGGUUGGAUACUCGGACGAACCUUUUGUCCUUGCCAAUGAUGUAACGCAAGUCUUUUUCGUGAAGGACAUGUCUAGCAAAGGAAAGAAGGGCAGAGGGCCUGAUGAGCCUAAGCGUCAAGUGGUUCUCCCAGGCAAAAGAAAAAUCGUCGGAGUUGAGGACAAGACUGACGAGGAUUACGAUCAGUUGGAUG	0.9975026	1.3721563	0.38539362	0.9881693	0.5738847	0.535	0.9975026	0.9901820666666667	0.987017954	0.9723665159999999	0.9882126	0.6986386038250041
base_motif_structure_score	LOC_Os11g46840	LOC_Os11g46840.1	59	2751	2950	CCUUAACAAGGUUGGAUACUCGGACGAACCUUUUGUCCUUGCCAAUGAUGUAACGCAAGUCUUUUUCGUGAAGGACAUGUCUAGCAAAGGAAAGAAGGGCAGAGGGCCUGAUGAGCCUAAGCGUCAAGUGGUUCUCCCAGGCAAAAGAAAAAUCGUCGGAGUUGAGGACAAGACUGACGAGGAUUACGAUCAGUUGGAUG	0.9975026	1.3721563	0.38539362	0.9881693	0.5738847	0.535	0.9975026	0.9901820666666667	0.98384928	0.967614249	0.9901820666666667	0.702158070219574
base_motif_structure_score	LOC_Os12g30420	LOC_Os12g30420.1	8	201	400	CCUUAACAAGGUUGGAUACUCGGACGAACCUUUUGUCCUUGCCAAUGAUGUAACGCAAGUCUUUUUCGUGAAGGACAUGUCUAGCAAAGGAAAGAAGGGCAGAGGGCCUGAUGAGCCUAAGCGUCAAGUGGUUCUCCCAGGCAAAAGAAAAAUCGUCGGAGUUGAGGACAAGACUGACGAGGAUUACGAUCAGUUGGAUG	0.9975026	1.3721563	0.38539362	0.9881693	0.5738847	0.535	0.9975026	0.9901820666666667	0.97480902	0.92240387	0.9975026	0.8390063499278844
base_motif_structure_score	LOC_Os01g66530	LOC_Os01g66530.1	16	501	700	CGCUCGUCCUGCCGCCGUUGCCGCCGCCGCCGUCGCUGCUGCUGGUGGUGCCGGUGUGCCUGCUCGCCGUCCUGGUGGCCAUGGCGUUCGUCCCGCUCGACGCGCAGAGCAACGUCGUCGGCUCGUCUUGCUUGUAGAUAGAGAAAAUGAAAUUCUUUUCUUGCUUUUUUUUUUUAUCUUCCACAGACCACAGUUCAUUU	0.99750084	2.61376	0.32403842	0.96133935	0.5930618	0.53	0.99750084	0.9960107466666667	0.975973836	0.919884908	0.99750084	0.7931276979374831
base_motif_structure_score	LOC_Os04g45020	LOC_Os04g45020.1	30	1201	1400	UGGGCGACGGCGGCUUCUGCUGGGACUUCGACGACGCGGCCGAUCACAUGCAGGGAGGAGGAGGGCUCUGCGACCUGCUCUCCAUGAGCGAGUUCCUCGGCAUCAACUAGGCGGGAGCGUACGCUCUUUCUUCCGUACAGUUCGUCGCCGAAGUGUAAAUUCGUCAGUUUCUUUUUUUUCCCCCUCUUUUUCAGAGGUGU	0.99750084	2.61376	0.4825638	0.9582846	0.60144854	0.545	0.99750084	0.9962709633333334	0.9908482920000001	0.9634041270000001	0.9970658450000001	0.7497910244806563
base_motif_structure_score	LOC_Os05g37900	LOC_Os05g37900.1	35	151	350	CCGUGGCCUUGUGCGGUUUUAUGGAUCAAGAAACCUCACGAGAACCCCGACGCUUCGGCCGUCUGGUGGCGCGGCGCUAGCCAUCUCUUUGGAUCGCUCCUCGCGAUCGCAUUGCGGCCGCGUUCUUUGAUUUUUGGUUUUUUUUUUGUCCGGUCAAAGGUUGGUUCUUGGUGGUGUAGAUUCGGAGUGGCGUGUCGUGG	0.9974957	2.5738268	0.70741004	0.95519954	0.6523399	0.565	0.9974957	0.99569528	0.9942443299999999	0.981605272	0.99675017	0.7389994499278844
base_motif_structure_score	LOC_Os04g30520	LOC_Os04g30520.1	6	151	350	CCGGCGCCCCAGGCGUUCAACGACGCGAUGGUAGGCGGCGCGGCAGCCAAGCUCAUGUGUGGCGUAGGCGACCGACGUUGCCUCUCCUACUUUUCCCCUUUUCAUUUUUUUGUUCUUUUUCUUCGACCAGAUAAAAACCAGAUGAAGACGGGAGAAAGAAGGAAGAGAUGGAAAAAGAAGGAGAUUGAUGGAAAAGAUGA	0.99749386	1.9137129	0.6135341	0.9773792	0.62926376	0.555	0.99749386	0.9960505	0.988854566	0.9172050483333334	0.99749386	0.8571261138971198
base_motif_structure_score	LOC_Os03g57340	LOC_Os03g57340.1	29	51	250	GGGUUUCGACCUUUUUUUUUCCCACCAGGAGGGCGACGAGAUGUUCGGGCGCGCGCCGAAGAAGAGCGACAACACGCGGUACUACGAGGUGCUUGGGGUGCCCAAGGAUGCGUCCCAGGAUGACCUCAAGAAGGCGUACCGCAAGGCCGCCAUCAAGAACCACCCCGACAAGGGCGGAGACCCCGAGAAGUUCAAGGAAU	0.9974905	2.61376	0.053502403	0.9659295	0.5748222	0.505	0.9974905	0.9952337666666665	0.992056492	0.9673063909999999	0.9974105849999999	0.752145970219574
base_motif_structure_score	LOC_Os07g41750	LOC_Os07g41750.2	52	51	250	UGAUGCGCCCUUUUUUUUGGCUCGCAGUUCGUGGCGGAUGGGGUGUUCUUCGCGGAGCUGAACGAGAUGCUGACGCGCGAGCUCGCGGAGGACGGCUACUCCGGCGUCGAGGUCCGCGUCACCCCCAUGCGCACCGAGAUCAUCAUCCGCGCCACCCGCACCCAGAACGUCCUCGGCGAGAAGGGGAGGAGGAUCCGCGA	0.99748343	2.61376	0.97749597	0.94684005	0.6326796	0.585	0.99748343	0.9868998333333332	0.9778137999999998	0.9504582399999999	0.9868998333333332	0.71108740727184
base_motif_structure_score	LOC_Os06g10100	LOC_Os06g10100.1	23	951	1150	UGAAGAUUCACAUCGCCCGAUCGCCGUGACCGAGUCCUGCACUGGCGACACGAGUGGUCGAGUGCUACUUGUUUUUUUCUGUUUUCUUGAGGGCGUAAUACUAAAGUGGUGUGCGUUUCAUCCUUUUGCAUUUUACGCUGGGAGAACGUACUCGGUACUCGGUAGUGCGGUGGUGUAUGUACACAAUGUGCUUUGGGUUC	0.9974711	2.1541324	0.5535178	0.9719828	0.62563056	0.55	0.9974711	0.9962278666666666	0.98114724	0.939080695	0.99684865	0.7682229749639422
base_motif_structure_score	LOC_Os02g33080	LOC_Os02g33080.1	56	1	200	GCGGCGCCGACUCCUUUUUUUACGCUCCUCUGCCAUUUCCACCCUCUUGGAGUUGGAGGGGAGCACGCGCCGAAGCGACAGCGCGAGGUCGAGCAGGUGAAGCGAGUGGGGAGGGAGGGAGAUGGCGGGGGGCGGGGGCGCGGGGAGUAAGGUGUCGGUCGCCGCCGUGCAGUUCGCCUGCACCGACGUCGAGUCCGAGA	0.9974699	2.3643167	1.1429452	0.9543987	0.6620778	0.625	0.9974699	0.9887792000000001	0.9733274740000001	0.956171719	0.9887792000000001	0.7058253992917629
base_motif_structure_score	LOC_Os05g48270	LOC_Os05g48270.1	29	1151	1350	UUCAACCUCGCCAUCAUCCUCCUCGCCGUCAUCGGGCUGGAGUUCAUGCUGCGGACGAGGUGGUCCAAGGAAAGCGAGCCCACGCCGACGUACUAGGCGCGGCGCCGGCGGCCGCCGUUGAUGCCGCGAACCCACUAUUUUUUGGUUUUUUUUUUGUGCCCUUGGGCGCUGGACUGUGUCUUAGCUCUGGUGGUGUUGUG	0.99746764	2.5738268	1.1793838	0.9433503	0.6655563	0.625	0.99746764	0.9966028133333333	0.984552824	0.9486387260000001	0.99693387	0.752123110219574
base_motif_structure_score	LOC_Os09g25320	LOC_Os09g25320.1	14	1	200	UCCAGCCAAGAGGGGAAAAAAAAAGGGAAGGAAUUUUUUUCUUUUUUUUUUGUUCGCCUCCGCUUCUUCCUCACGCAGCUCUCGCCUCGCCUCGCCGCCCGCCACUAGAGAGGAGAGGGAGAAGGAGGAGGAGGCAAAUCCCAGCAAAAGAAGAUGCAGAUCUUCGUGAAGACCCUGACGGGGAAGACCAUCACCCUCGA	0.9974667	2.61376	0.3575956	0.96019363	0.5945203	0.54	0.9974667	0.9325453533333334	0.9039636920000002	0.825889864	0.9974667	0.8021221702195741
base_motif_structure_score	LOC_Os07g41160	LOC_Os07g41160.2	63	451	650	UGUUUUUUUGGUGCCAUGGCGGCGUCGAGGGAUUUCUUGGGCGGGUUCGGCGGGGAGGUGGGCGGCGCGGCGGUGGCGGGGGAGAAGGGCGGCGGCGAGUCCGACGAGAUCGAGCUCAGCUUGGGGCUGUCGCUGGGCGGUUGCUUCGGCGCCGACCUGGCGAGGGAGUUCAAGAAGCCGAGGCUGGUGAGGUCGUCGUC	0.99746513	1.5950831	1.8887749	0.9687996	0.72754717	0.725	0.99746513	0.9974443700000001	0.997233284	0.9931767819999999	0.99743399	0.69746513
base_motif_structure_score	LOC_Os04g21950	LOC_Os04g21950.1	32	1201	1400	UUAGGAGACUUUGAGACUGAGCUUUUACUGAAGAAAAAAUAAAGCAGAACAAAAAAAAAAGAGAAGAAGGCGAUCGAGACUAUCAGUAGAGUAGAGAGUAGAAAAAGGCGUGCCGGAAUUGAAGAUUUUGACCGCGCAUGCGAAUUUGUUUAUCAACUCGGGUUCAAUCCCGCGGAUUGGGGUCCGGUGGAGGUCAAAAG	0.9974596	0.20891373	-1.0396696	0.9981371	0.49215993	0.4	0.9974596	0.99588198	0.9941831560000001	0.987046868	0.99669317	0.7452398940320772
base_motif_structure_score	LOC_Os03g52410	LOC_Os03g52410.1	10	301	500	CGCGGUCUCGUCCGCCACGGCGGCGCGCCCGUUCGCGGCGGCGGGAGAGGAACUCGGCGGCUUCCGCGCCACCGCGCCGUCGGGGUUUGACUUCGAGUUCGACACCGCGCAGGCCGUCGUCUACGACGUCGUCGCGUGAGCUAGGAGGAAUCGAUCGAUCGACCUUAGCUUCUGCUCGGAGAGGAUUGUUUUUUUUCUCC	0.99745613	2.4153688	1.181423	0.9509879	0.68888456	0.63	0.99745613	0.9949318100000001	0.991087486	0.889658038	0.99745613	0.8244845490681352
base_motif_structure_score	LOC_Os05g39280	LOC_Os05g39280.1	56	1801	2000	AUGGUCGAUGGUGGGGCCGCGGUGAAUUUGAUGCCUUAUGCUACGUUCAGGAAGCUGGGUAGGAACGCCGAGGAUCUCAUCAAGACAAAUAUGGUGCUCAAAGACUUUGGUGGUAAUCCAUCGGAGACCAAAGGUGUUCUAAAUGUGGAGUUGACAGUCGGCAGCAAGACUAUUCCUACCACCUUUUUUUGUCAUCGGUG	0.99745613	2.3643167	0.7321819	0.9623523	0.6316919	0.57	0.99745613	0.9941016	0.9871504600000002	0.975370091	0.9941016	0.7058116292917629
base_motif_structure_score	LOC_Os09g02100	LOC_Os09g02100.1	54	2501	2700	AGGUUGGAUACUCGGACGAACCUUUUGUCCUUGCCAAUGAUGUAACGCAAGUCUUUUUCGUGAAGGACAUGUCUAGCAAAGGAAAGAAGGGCAGAGGGCCUGAUGAGCCUAAGCGUCAAGUGGUUCUCCCAGGCAAAAGAAAAAUCGUCGGAGUUGAGGACAAGACUGACGAGGAUUACGAUCAGUUGGAUGGGCAACCC	0.9974516	1.3721563	0.3099147	0.9883718	0.5826036	0.51	0.9974516	0.9915112	0.9830077620000001	0.9678127599999999	0.9915112	0.708383614323767
base_motif_structure_score	LOC_Os04g17680	LOC_Os04g17680.2	155	351	550	AUGACCCUCCCCGUCCACAUCGGCGUCCCCCUUGUGCCGCCACCUCCCCCGUCCACGCAGCGCCGCCACCAUCGCCCCCUACUCCCGUCGCUGUCCACCCCUUUUUUUUAGGAUCGGCGAAUGGCGGGCGAGAUCCGGGCUGGUUGUCGGCGUUGGAGGUGUGGCGGCGCGUCGUCCAGUUGUGAGUUGGCAAUAGGACG	0.9974503	2.61376	0.39556873	0.95921075	0.59456384	0.535	0.9974503	0.9974503	0.997268672	0.996803224	0.9969962299999999	0.6331801890568876
base_motif_structure_score	LOC_Os09g18500	LOC_Os09g18500.1	58	2601	2800	UCUGUUCCGGUGCCAAUGGGUUAGGUUGACUGGUGGAGGCGUAACGAUUGAUGACAGUGGGAUGACAACGGUUGACCUUAACAUGGUUGGAUACUCGGACGAACCUUUUGUCCUUGCCAAUGAUGUAACGCAAGUUUUUUAUGUGAAGGACAUGUCUAGCAAAGGAAAGAAGGGCAAUGGGCCUGACGAGCCGAAGCGCC	0.99744654	1.1126293	0.7370853	0.9888659	0.6284477	0.57	0.99744654	0.9921361700000001	0.9855814620000001	0.967855324	0.9921361700000001	0.7033143875319079
base_motif_structure_score	LOC_Os04g43890	LOC_Os04g43890.1	58	2601	2800	GUUCCGGUGCCAAUGGGUUAGGUUGACUGGUGGAGGCGUAAUGAUUGAUGACAGUGGGAUGACAACUGUUGACCUUAACAAGGUUGGAUACUCGGACGAACCUUUUGUCCUUGCCAAUGAUGUAACGCAAGUCUUUUUCGUGAAGGACAUGUCUAGCAAAGGAAAGAAGGGCAGAGGGCCUGAUGAGCCUAAGCGUCAAG	0.99744105	1.3721563	0.9492442	0.9839962	0.6352463	0.59	0.99744105	0.9962827133333333	0.989168302	0.9752800639999999	0.9962827133333333	0.703308897531908
base_motif_structure_score	LOC_Os11g42190	LOC_Os11g42190.1	74	2901	3100	GUUCCGGUGCCAAUGGGUUAGGUUGACUGGUGGAGGCGUAAUGAUUGAUGACAGUGGGAUGACAACUGUUGACCUUAACAAGGUUGGAUACUCGGACGAACCUUUUGUCCUUGCCAAUGAUGUAACGCAAGUCUUUUUCGUGAAGGACAUGUCUAGCAAAGGAAAGAAGGGCAGAGGGCCUGAUGAGCCUAAGCGUCAAG	0.99744105	1.3721563	0.9492442	0.9839962	0.6352463	0.59	0.99744105	0.99440645	0.9873579360000001	0.9687379830000001	0.9916914375000001	0.686000115475206
base_motif_structure_score	LOC_Os03g29930	LOC_Os03g29930.1	20	801	1000	CGGCGACGACGACGACGAUGUGGACGACAUGAACAGGAGGUUCGAGGAGUUCAUCGCCAACACAAAGAGGAAGAUGCAGAUGGAGAGCCUCCAGCUACAGCUAGUCAUGAUGAAGGUUUAGAACAAUAAAUAAAAAAAACUUUUUUUCUUUUUUCCCUCUCUUUCCAGGGAGAAAAAAAAAAGAAUUGUAGGAGAAACUA	0.9974407	2.653693	-0.8536072	0.9767651	0.5265465	0.375	0.9974407	0.9959780333333333	0.9920728999999999	0.95318094	0.9974407	0.7778248288610619
base_motif_structure_score	LOC_Os05g51260	LOC_Os05g51260.1	58	2701	2900	UACUCGGACGAACCUUUUGUCCUUGCCAAUGAUGUAACGCAAGUCUUUUUCGUGAAGGACAUGUCUAGCAAAGGAAAGAAGGGCAGAGGGCCUGAUGAGCCUAAGCGUCAAGUGGUUCUCCCAGGCAAAAGAAAAAUCGUCGGAGUUGAGGACAAGACUGACGAGGAUUACGAUCAGUUGGAUGGGCAACCCCCUUUCAC	0.99743253	1.3721563	0.52305275	0.9869854	0.5819214	0.565	0.99743253	0.99504079	0.9809425060000001	0.9631831200000001	0.99504079	0.7033003775319079
base_motif_structure_score	LOC_Os02g47730	LOC_Os02g47730.1	123	5951	6150	UUAGAAGGAUAGAGUUGCAAGACGGUUUGACAGCCGAUGAGUAUUAUAACCUUAUGGCCGAUGAGAGGGAGGACUUGGUUCAAUCGCGUUUACGAGCCCUUGCUAAGGUUACCAAAGAUAAGGAACGAGUUGCUAGGCAUUAUAACAAGAAAGUAGUGCCUAAAGAUUUUUCGGAAGGUGAACUUGUAUGGAAGUUGAUU	0.997426	0.97571945	-0.49768594	0.99469006	0.56842524	0.385	0.997426	0.9965676333333334	0.9940929799999999	0.989873859	0.9921863228571428	0.6497161844806563
base_motif_structure_score	LOC_Os02g04450	LOC_Os02g04450.5	166	201	400	GUUCUCCCGCGGUCCCGCCCGAGCAGAGGUAAGAGGAGGAGGAGGUGGGUGAGAGACCGCGUUUGAUCCCUGGGCCGAGGCGGCGCGGGAUCGGGUGGGGGCGUGGUUGGAGGUGUUGUUUUUGUUUUUCGGGUGGAAUCAGCUUCGUGCCGCGCGAUUGAUGGUUGUUUCGUGUGUUGUGGCUGUUAUUUUUUUUUUUU	0.9974197	2.5738268	0.60173553	0.9561675	0.6099958	0.56	0.9974197	0.9969165000000001	0.995140768	0.9740850780000001	0.9764573088888889	0.6282344853762973
base_motif_structure_score	LOC_Os12g43600	LOC_Os12g43600.1	15	1	200	CCCCGUGGUCUCUCAGAGGUGGGUUGGCUUCUCCUCCCCCUCCCGGUUCGGUUCGGUUCGGGUCCGGUUCGAUUUCGUUUUUUUUUCUUCUUCGUGGGGUUGGUGGGAAAGCAUGGCGGCGCCGGAUGUUGAGUACCGCUGCUUCGUCGGCGGCCUCGCCUGGGCCACCGACGACCGCUCCCUCGAAGCCGCCUUCUCCA	0.99741095	2.5738268	0.5256725	0.9575976	0.5932041	0.57	0.99741095	0.98888013	0.9750580579999999	0.948589089	0.99741095	0.79741095
base_motif_structure_score	LOC_Os05g35180	LOC_Os05g35180.1	59	951	1150	GGAUUGUGGUAAUAAUUUGUGCAAUGAUGCCGUAACGAGUAUAGCCGAACCAAAUGUUGAUUCGGAUUGUCUUACUAGUUUGGAUGAUAACGCAAUAACUAAUAUAGCCGAACCAAGUGUUGGUUCGGAUUGUGUUACUAGUUUAGACAAUGAUGGAAUAGUCGAACCAAGUAAUGGUUCGGAUUGUGUUGCUAGCUUAG	0.99740773	-0.042135797	0.2881783	0.99713033	0.6438655	0.475	0.99740773	0.9954613433333334	0.9931902960000001	0.9746523220000001	0.9954613433333334	0.7020632002195741
base_motif_structure_score	LOC_Os03g46110	LOC_Os03g46110.1	21	966	1165	UGAUGUCUCUUUGAUCGCGUCGUCUCUAGAGCGUCCGCCGUUUUUGAUCGAUCACUAGCAUGGCCGAUGUGAGUCCAGCAUGAAAAGUGGUCGAGGAGAACAUUGUUGCUAAGUUUUUUUUUUGCUUUCUAUCUCCAGUAGCUGAACAAGUAUGUCAACUGAAUGCUGCAAUGAAGUGAAUGGAUGCAGUCUUAAAUUUA	0.997401	2.5738268	0.8283809	0.9508279	0.6299759	0.595	0.997401	0.99653526	0.9803379160000001	0.9102747430000001	0.996762125	0.7744294190681351
base_motif_structure_score	LOC_Os03g13760	LOC_Os03g13760.2	30	1	200	UUUUCUUUUUCUCUCUCUUUUUUUUCCCUGUCCGCUUUGCUUCGCCUGAGCCCUGAGCCGCCGCCUCCCGUACUCCCUUGCGAGCUGGGGUUUUAGCGGCGGCGGCGAGAGGAGAGGAGGAGGAGGAGAGGGGAAGAUGAGCCGGAGCCUGGGGAUCCCGGUGAAGCUGCUGCACGAGGCGGCGGGGCACGUGGUGACGG	0.9974005	2.61376	1.2934014	0.93639547	0.69242716	0.615	0.9974005	0.9779989233333334	0.9566121840000001	0.911601662	0.9972716150000001	0.7496906844806562
base_motif_structure_score	LOC_Os05g46430	LOC_Os05g46430.2	59	2051	2250	GGCCUGACCUGACCAAGCCGGCUCUUGCGAGGCUUAGCUCAGUGUACCGCAGCCUCCAGGUUUCCAAGUCUGGUGCCAAGAAGAAGAACAGGCAGCCAACUAAGCUGUAAAUCGCUUAAAGCUCGCUUUUUUUUUUGUCAAGGGGCCUCGUGGUGUUCAUGUUUCCAGCUACCUCUGUUCGUAACAGUGAUUGAGACUUG	0.9974004	2.61376	0.69365335	0.9520846	0.6239275	0.585	0.9974004	0.9966018333333334	0.996244648	0.99386961	0.9966018333333334	0.702055870219574
base_motif_structure_score	LOC_Os01g25660	LOC_Os01g25660.1	9	368	567	GACGCGUGGCAGCGGAGAUGGAGUCGGCCUUGACAGCGCCGGCGGAGGCCGAACGGUUGGGGAAGGGCGGGGGCGGCGCUGGGCGGGGCCGGACGGGCGCCGGCGCCGGCCGUGGGCAGCGGCGGCGGAAACCCUCUCCCCGUGUGCGACUCGCAAGGAGGAGGAGACGGGAAAAGAAUAGCGAACCAUUUUUUUCGUAA	0.9973948	2.0689578	0.3348894	0.97613645	0.5875573	0.54	0.9973948	0.9272049133333332	0.874613308	0.7674314644444444	0.9973948	0.8312983952556319
base_motif_structure_score	LOC_Os01g45110	LOC_Os01g45110.1	36	1501	1700	AGGGUGGGUCGUCGUACGAUGAUGUUGGAAUUCUGAUGGACGAGUUGAUGGCUCGCCGGGGCUCCGUCAAUGUGUGACAGCACUCCCUAACAAGGUGAUUGACGGCUUGACGCAUCAAGAAGAUGGUGAUCGGACAUUCGGACAUCUCCAGAGUCCAGACUAUUGUCUUUUUCCUCAGAGUUUUUUUUUUUUGGAGUAAC	0.9973941	2.5738268	0.9462396	0.94786626	0.65826833	0.6	0.9973941	0.9876375466666666	0.9609268799999999	0.9312308220000001	0.99670107	0.7369214317185524
base_motif_structure_score	LOC_Os03g47310	LOC_Os03g47310.1	55	2501	2700	CAACUGUUGACCUUAACAAGGUUGGAUACUCGGACGAACCUUUUGUCCUUGCCAAUGAUGUAACGCAAGUCUUUUUCGUGAAGGACAUGUCUAGCAAAGGAAAGAAGGGCAGAGGGCCUGACGAGCCUAAGCGUCAAGUGGUUCUCCCAGGCAAAAGAAAAAUCGUCGGAGUUGAGGACAAGACUGACGAGGAUUACGAU	0.9973911	1.3721563	-0.2762923	0.99109507	0.5610851	0.46	0.9973911	0.9934888466666667	0.990748928	0.9823750280000001	0.9934888466666667	0.7070233538971198
base_motif_structure_score	LOC_Os12g27710	LOC_Os12g27710.1	115	5451	5650	CACAGGCCAGUCACCUUUUUUCCUUGUCUAUGGGGCAGAAGCAAUGUUGCCGAGUGAAGUUGAAUUCGAGUCUUUGCGUUUUCGAAAUUUUCGUGAAGAACGCUACGAAGAGGACCGAAUGGAUGACUUACACCGAUUGGAAGAAGUCCGCGAAGCGGCUUUGAUUCAGUCAGCUAGAUACUUACAAGGGUUGCGGCGUU	0.99739	2.2058592	1.3583633	0.9552436	0.6678575	0.66	0.99739	0.9958828	0.9933975759999999	0.9815578119999999	0.9908535799999999	0.6544909502436214
base_motif_structure_score	LOC_Os02g31910	LOC_Os02g31910.2	105	2351	2550	CGGCGGCGGGGUCGUCGGUGAUGAAGCGGAUCGUCGUCAACUACGUCUACACAUUACUGAGGAAAAACCUCAGGGAAGGGCACAAGGCGCUGUCCGUUCCCAAGGACCAGCUGCUCAAAGUUGGGAUCACCUAUGAGAUUUAGAGUUUGUCUUUUCUUUUCUUUUUUUUUCUUCUCACUUGUCUUAUUUUUAGGGCUUGU	0.9973882	2.61376	0.18834251	0.9622094	0.5884121	0.53	0.9973882	0.9823996666666668	0.96965132	0.948241704	0.9635179066666666	0.66099217727184
base_motif_structure_score	LOC_Os10g30690	LOC_Os10g30690.1	24	301	500	GUUGUUAUCCAUCCGGGUGUGUGUAAAGAUUUUGUUCUCUUUUUUCUUUCUUUCUUUUUUUCUGCAUUUUUGCAGGGACCGGCCGGAGCUGCUAGCUCUUCGCACCGCGGCGGCGGCGGCGGCGUUGUUCUUGCCGGCAGCUAUGGAGGAGCAGCCGGCUUCUGGGUGGAGGUGGGGUGUGGUGGGAGAGCCGGAGUGGG	0.9973877	2.653693	0.776689	0.9479881	0.6515541	0.57	0.9973877	0.9965484133333334	0.994273768	0.9688135210000001	0.99732995	0.7651948905112638
base_motif_structure_score	LOC_Os02g07850	LOC_Os02g07850.1	38	1351	1550	UCUGAUCUUCUGAGAUGUUUUUUCCUCUUUUUUUUGUUAAUUUGUUUGAGAUGUUUUAGGUUGGCGAGGAUGUGGAUGGUGAUCGCCGAUGCGCACCGGGUGAUGAAGCGCACGGCGGACGAGGCGUGCGCGCUCCUCUCGUCGUCGUCGGCGGCGGCGGCGCGCGCGGCUGCGGGCGGCGAGGGAGGCGUCAGGGGCCC	0.9973803	2.61376	0.5866715	0.95413065	0.636014	0.545	0.9973803	0.9969665666666666	0.991009808	0.97158006	0.99714535	0.7331101890568876
base_motif_structure_score	LOC_Os01g62460	LOC_Os01g62460.2	178	201	400	GCGAGCUCUCGUCGGCUGCGAUGUUGUGCGUGCUGUUUACGGGUGACGGGUCGGACUAGCCGGCGCGUGGGCUCGACGAGGCGCUGCUCCUUCGUCGCCGCGGGUUUCUGAUUUUUGUUUUAAUUUUCGUGGUGUUUUUUUUGGCGCAUUUGCUAGGUGGGGGGAUUCGAGUGUUGGGAGGUUUGCAUGCUCUGUGGUGG	0.99737585	2.1087842	1.1550405	0.96281856	0.6844139	0.625	0.99737585	0.99616206	0.9941797080000001	0.986436394	0.9878828155555556	0.6231850611367871
